17007376
1986953107
1494050670
1465958408
1634861900
1296911978
2141673703
1101494605
763143579
1523792108
559598977
2027562806
1942816702
805823374
1848854875
1407152470
1631492500
1342468009
539448200
1136953579
234261378
6639309
1242099074
1699928507
1799015105
170844576
1084461476
160705305
1214867903
123379370
1546437970
884536601
2102217301
2009055604
1673406403
774618973
947659702
390546305
1326704371
1060199879
1929083173
19901107
196291571
1943565275
70368676
2118365603
547099973
1785698009
875024504
951150201
1458466476
931918575
466281171
700263971
783726272
752580309
194414872
2103212305
1272970803
955026572
1122537904
1918599504
1606073973
1878310279
1586984900
1294763272
1430944007
497809801
1983106378
1163855679
382672105
318645279
6953674
341999400
580311078
2109635009
1311635971
1050430277
274764203
1838118804
1603052575
621925204
462057972
1865699301
1318769001
986680573
499503601
211195571
1391708107
134820705
536954406
2083640402
1112352707
1800325377
1312687601
1688711374
328521009
1738879307
1730291905
1946132071
805396205
77183904
766394600
1193358179
1859923970
331499202
899752276
1464041102
1882401974
656802405
90575177
2023531977
1813408474
384338107
1614406502
731829374
1021190106
1048316779
1512517473
289127071
993435403
1952485678
1297253209
195576700
88211300
202545874
1643035272
1676183177
859990808
859771471
1516402870
770425708
690728471
729440474
262982277
1966785800
39293204
179590177
853949073
1380540803
20997105
1045112803
716952401
1301765976
2018745770
978457802
91877071
1727051206
598426670
1749522371
920006708
937938407
1067793602
79402776
1350285078
1362594372
2108535406
171258177
1425337078
118969504
1800065503
1231596274
1580755902
1679563978
732934475
766648903
1260725000
303807074
1890552500
1523296574
408932872
1738460107
70582809
869956801
1477099800
415344072
289680973
1912571207
853684700
973945073
965421877
957750903
1486956872
1832525779
1156475076
945718600
2107088473
802007400
1326906602
842063508
22243176
774052803
779875977
244090271
2091513077
1917696071
1939992305
1505771474
56932602
7876705
1260613172
1353742803
1892106577
719921209
1220962275
1471101107
576308905
1260227676
684029371
1209239809
386215804
2005654001
978358905
19638975
177506973
56460106
929700102
287007974
733685106
1228880600
588020607
1984510672
170212707
1885622978
1599359102
403045271
68703270
1343405677
546263570
1488134174
428137203
736805078
965108307
596046503
1584042774
101876406
10216979
2043316804
176139705
759712574
743018178
452808700
1861908303
1772694107
1389030801
2082012072
1182534005
1060651005
973072407
960670574
30952871
865809574
48876009
414261976
1113606106
1213878278
2107181704
2124683404
1473829070
235074877
1224247075
1271581373
1914089809
21419207
794023179
1268557974
1357734805
520835973
1847810975
1955727379
2009118804
745181876
908014302
1959339506
977351579
993867100
1575704202
1539198170
890963975
1582355370
1096940906
1525119800
1125578405
1674944874
222041571
138177402
1880725678
457211504
1765560704
1258850809
208478973
1717903406
1199444071
282284305
1593698373
624760903
634988101
1261709272
839360171
1973723205
656279209
553660100
2052128609
786725508
1764991809
1172005477
596598606
146399474
19077476
957192707
1402928706
766506704
261725474
1296024806
242130476
1506176573
828240576
1441889678
1881683570
1296359976
1029104075
1881427276
1423128709
1273943077
758804774
762886406
2068303274
859488177
1438931876
1223662671
447712804
1543336375
980136471
807185371
1998700702
1588436704
894298002
1251495071
213548076
1496693203
397382972
2065608208
367055370
1082182473
803125006
968837272
1892674302
1409448403
315451702
285417879
1132373470
1252473206
1695872873
2093236772
1770979870
1886049800
482406307
146525805
1594585278
787682502
203114678
1747403000
1535155973
1421868372
982965773
1021812171
69086902
916392877
1872463008
2037505371
1907136705
833906706
1156117873
2091215874
1321842673
1581311703
688235870
123284106
1975095203
545690876
1607467870
85166975
1242079309
1636241574
2106573178
358167803
850922776
281854208
13880778
591995773
1308326806
178782572
889911078
149391773
155675172
1403121172
243270772
40013478
988829777
839960801
304393472
1272446401
832687401
1681521809
94120375
913020475
36549577
1831784170
1459983604
1636295975
203339302
1631551879
684281807
1948219204
968066100
427454509
402243002
205651072
808047306
584201208
27896806
1975073308
908960003
1735290273
618807478
33005507
200053174
1713261808
82805473
2130194905
33461607
107608371
2038815477
1018936208
757580809
1851454273
501866303
85001177
1714814509
2009300405
2122842008
422122108
330158271
1945353604
1797653479
1069007100
1890615376
1157192674
701063171
1696689406
1436383108
640936804
697819409
906976473
1539368300
919502570
1949479576
272925901
551055909
949957601
554112177
1733298900
1239514503
1347570507
753948570
1742652506
266289900
1619878908
219197503
1919529503
1165382872
756217974
1947625976
1537077877
342296908
1110915708
344028003
18956974
1466201075
706516379
2027620175
740912675
619410275
1420905470
1796945570
493304406
1967780708
1734489777
36317009
902594001
1780838106
1833272270
1159819704
2123703904
1968857805
1370600707
325383175
1282188271
907713401
1619946301
736384676
1453669806
1378463504
614909207
679149077
1062304300
1555019571
487111077
1435641305
1150915173
781266374
278854074
1473383102
748780478
144259203
1957124201
523592808
1799690600
296421679
1670227274
1821538500
1621267879
1424275570
76910077
2005296775
1779352202
1857932209
2023713602
811681179
1360700770
60380279
877087308
491058805
1238372276
244304378
1748950006
1646531671
394918202
1323719074
230203273
1001310202
479912607
1528273973
85801773
1965698577
1678533207
1796568079
1616483807
607680209
478505008
2123869772
1880357001
581222107
1843631809
236421376
574986104
245854803
458691774
1650053707
1722534302
967459309
1548857508
1880451374
2096004805
37168507
922149274
516486874
1962919170
1495471172
1815912673
218511570
930209008
1271616902
649838572
571802007
2033743175
415738875
162010870
1348702777
1381918802
2095369002
347850479
1196362801
676962070
455701800
481554403
1825441908
219126679
357579777
217568878
1646926204
499183901
834325905
850782208
1392714807
1067560079
1667745207
548165500
120035905
439958502
973495804
2048691279
989336806
499413571
57592575
1199150175
1436241572
1043702907
1402613973
1537985572
505759008
675565507
217636677
830134379
303179570
2090521379
803254376
1129921602
1933523506
97145900
2115347776
990870073
846554107
385499402
1163828172
312725772
799220001
1148989802
127265409
777467807
1600859975
416257803
1744085070
488194007
1916691607
87039071
1962868279
1645138405
1838722404
1876858779
1349156906
1587278775
1596318802
1849109379
540151406
403160501
731165407
1012823403
996511270
76332506
1365154701
1117586109
325764101
699016306
510712203
1847852909
1131465103
1325084802
28935708
822639977
1759741876
1461045177
1645848971
1839907703
369254006
1524277978
1101882075
1757971008
1558136903
202960273
1665527902
1061309001
881531400
1157306772
163905370
1511378402
1879135106
744446808
574059073
197883807
2033749405
1642369774
1007867378
1300819906
371483671
530574102
1594193174
1099085079
539406107
1845105500
1601949977
222030305
572950674
1138826201
1953740072
1376868904
1660849307
15473670
88141300
1240810700
192491602
2052088208
980041476
573937109
1068474970
1605893977
723622674
690801504
582313408
161846573
1984757478
679676476
846985202
1275842100
1532593979
678037170
8226074
794492072
1347158806
225581005
1779594272
1899768709
498171504
1821984670
795918409
502809576
966272105
582011574
1617491604
668787007
649876778
583932702
203348302
1785928274
1499727278
1360591001
1263876776
776125809
990510102
1869016400
1039450407
22619171
429185404
1391780700
97890302
1609866907
1625016179
1081965671
328023401
822481200
1809475873
406566103
1097148578
1955435173
715999400
121697000
201172173
537717974
1095829878
1371098908
1528179074
207901574
1983680377
2011309776
253719778
1140959875
685907379
2122691875
1799792605
1937589404
2138271476
1412957400
94480101
100231109
1126486072
1431663476
719971278
1005496776
954294479
2127428909
502770202
81097106
173074508
1484339078
1595365073
1723785503
1640512405
557504607
1658300106
20070208
762639700
1563574478
969200172
232067104
2042315403
784292500
1052846001
163566101
269518772
1108697502
2067964378
357159776
1012472971
92582179
2003259977
2055510304
2037302407
345233705
1894600476
760513073
1672548508
1846500802
1415733473
1309015370
1790877979
980548602
129799279
583384502
73067608
1118880306
918604806
1757844674
2003473272
925105500
1213743975
795669875
754365674
1432981800
1371662807
1917608871
1213992270
754081509
632813604
1066317371
1469081370
1462723707
754111577
895284174
277931005
1195858408
611025609
203587079
989135374
1974798402
566676
1823848275
163684079
912422902
1846547774
2080251000
1503393300
1812185804
855453177
747245971
1460893076
698394072
1016041505
239359173
107955204
1246733703
769417802
1817962607
1017475076
1538344873
671236403
1866044777
530828572
585947977
242750402
1062808502
1251220405
1926413301
369860170
326909200
593527875
899944906
1029055372
1292825109
570098573
1393585001
1470324373
603086670
546807873
1550429501
2002232877
722899871
186842309
1495251008
1407739675
1650202104
656207101
646993904
215624877
1603648207
1299871572
1086794801
772074474
803206600
1788776872
2133591004
1663294972
1641578272
100295477
1193703075
1609774004
156036674
161599973
1347977100
547710572
621504503
1504324170
1663183472
1116310878
249503301
420492974
1489845807
1174075071
456932801
578053300
794377400
54455908
91941170
46947876
1312235107
705924070
1367933177
1367559671
1523253100
471929605
354011201
1920713706
499669472
1765646503
1226413677
1235567377
426501879
694999505
332197302
1229466502
120409
956256777
113022804
2121177872
584963977
194075973
1462740579
1183482002
19796579
1328954406
1772474804
1628888801
432740678
424669173
1892416672
1138040201
1519210003
2081765170
331630775
981016701
859692176
1271217073
1891002074
394825670
1236604071
19129574
615588075
1694818906
502867378
1014046404
1614893277
1603547071
847443973
1936934872
429154809
1272936778
310108679
1212055173
501850877
2031925406
774876809
1140167908
574575602
1633552309
511106378
1921711379
395280203
1614050903
2010859105
752025904
478594474
640345502
952970302
875190908
1429707477
1558237502
1417437479
1092360278
284340177
1770148273
249482803
1010539077
935513271
1853457378
1240116477
520884973
1000138508
1208480700
775027971
52752177
795626706
1585737971
1819983508
1496785406
1938050279
1124479804
791370804
1345512008
511667501
1934093800
1333250308
862933008
1995776872
109075009
413760278
1384637674
1392913807
537954577
835091506
971942701
390046272
1542909676
851991505
1821704072
672062206
785826378
2087489974
2003698775
91387672
1330783301
1324452877
618203704
2059543803
912418302
1896654800
2045883107
1263891101
1413880800
188347405
403015572
1540327507
1610149577
530637405
801625976
212062100
2014325608
1688671974
163662176
9448304
2106619307
1971678601
662735502
2064126701
1194345575
2031699307
1312910974
2112616405
88376570
1155655074
1012712177
2128821300
927928973
1789042179
1174667905
1824594007
717745078
1373932700
598816604
1942620672
2141881979
570323571
685003505
1562456572
179952604
733554677
1733251905
1121593474
1354219975
1885550703
1906997801
2035587973
1395066074
1744385277
1539908777
419715076
1054005006
255095975
1769138309
586244205
1746664409
1877276373
1106550703
673818870
1944166404
1675157772
1106869374
1599557076
1896669273
1588038007
2096104271
1656572908
214549074
348491872
331888279
867091074
435625707
1074502200
993630109
705513807
2024796800
1408719800
352992179
1339269774
588932370
11041478
2136241007
518008377
874600279
85132675
1606700778
1077334809
85713403
736584370
575896104
405033973
1389759378
301965779
1847830671
1690663379
1192793772
763970975
167994373
299157508
1059512309
1243686402
78893374
517320175
317323077
534247403
920962873
1615840671
476839078
535907674
683267675
265533404
2130213777
558509302
662909670
194880379
1911703473
1884929107
1565740673
1637981175
1754859205
1977275470
1813296579
1429779177
2017890173
1626688808
1446626806
1428969476
253698904
1563195207
2034426475
409146102
1146719073
860680404
603762477
1658922201
1424190100
1716555774
1894623573
1636866107
1204395801
1054453774
637304208
1735419772
1006886709
717399206
942133870
136209900
706301478
1269427975
2029872071
2088368506
1737136007
275925904
735797403
375334075
2036577772
65163377
294924174
185156906
1576939279
2073984779
2079358808
1012813078
1184431900
786858601
559123079
1986666271
474466308
1096608204
2065758175
1562661201
2143720908
889441709
925148804
539161073
459329608
1143810604
374398473
455001907
1444411879
2043513200
1040884501
164983672
1348118608
448748609
855261900
119770101
746595609
1238322871
149414879
1773958904
1261958801
942227375
562222809
170226872
2053428006
651301379
1161870072
1545015979
124007171
992593203
948926704
1153779574
480877375
415051308
1371818205
1362258503
175812708
579208871
607362302
2026068801
611707606
931332173
837311875
1068206777
1541220105
345527904
810517873
1772116673
1361943107
2126025575
2090867975
1692350074
2070914977
59301072
1619335408
27827470
1934105878
1921040307
1915557209
1119013677
2101072179
2077231378
153034906
155438078
452785206
1935582775
990688178
1976193805
1228525805
1673054972
965516000
1940631470
298197971
435616372
1100183279
1461813209
504162809
2088837006
1540406503
2142587100
13474602
381111477
1989044201
247358308
1621097402
662893601
1873076709
808593405
386405304
977384978
200669172
76519673
1716112004
1892413606
916798874
811059605
1937679902
834160575
2128059402
1539863400
1749327878
2018153609
1650850805
1492836007
1488114876
1224792673
715881379
2137419909
445742673
1479904706
989274475
1626670177
1450327977
699563405
530828405
563985873
121683004
1301453102
1862689476
1377722601
785487075
1472024609
709350207
1685602407
2104375672
464111270
1533977007
2135182806
886716902
314953279
687852606
1596428808
1225536775
242895279
122032579
1416138278
124453107
1755067203
600558775
343181176
27696900
1132101874
508392078
2094900406
417801775
373372904
425598276
105254476
77714803
582072371
1727732775
863659471
1667652673
695858109
2040435604
1349977107
1755319473
1028850474
1345857474
185052377
570732706
993436370
456560476
2138626970
359869877
1699323374
1415450577
1673731677
1286148203
279534978
1848963902
791129802
842366409
1242975103
2119705700
1379789205
1467359475
2010627102
386571574
898844279
995870004
142756174
951334679
622753174
854917101
1400650173
1836307571
656201200
974777374
1591784570
1748487701
2929301
693457772
357150108
1548412305
1568151178
1400514000
204608409
451127372
844732104
2030725701
1680417801
491715279
1844383774
856440204
1948938571
992193671
913233604
619396906
301613105
741731107
1653357079
1442007275
1478358974
1685367907
191018178
136985274
943156002
39672503
752205576
653396401
1195635976
2147111400
278595402
817283176
1761092877
1569718409
1010050401
1623861201
2062079774
266102372
1631201575
11347372
2086531207
1746466978
663777375
1429633373
1168559370
1572387070
1244641978
1173354306
228716903
2101122608
1923551970
1495778602
1327268472
1567009179
402904579
461708809
1947703270
1017234901
1102110170
1807423709
1578278279
54024775
776821370
1330706001
241743303
2107140777
144181500
15221801
1340977505
752984279
343193008
1794379509
485818502
771518800
1572748871
1153668770
1279517102
938803907
1037414179
1462335608
1893560078
1295722609
1195063000
1538038001
1669978601
1277339701
1397566775
1918329402
985154871
226085376
1484755008
1361137475
1003803579
1785384377
1839803008
855206508
598539901
1090928400
2027674005
2056776104
1637693476
566413305
514966407
2085725471
1893617101
639816679
1822265500
552691879
2012259870
607190576
2086996871
953987209
100747079
1566750275
1390864473
1612619071
1644899608
2017926276
1986719976
1009233970
1138434900
2108702870
1208794408
848444001
1296691372
1184810670
3022305
1797666874
440130803
825904202
1693985376
757044807
380749806
1034279875
1158592905
1362718401
1192642702
1531770674
1379105879
831602205
781529901
2048551701
1260115606
1042395005
826955302
174633775
248122802
1855702604
1696557809
1671508573
854578808
1697783970
676321501
128139578
518697670
774440870
807354377
1709432107
346967608
1500394804
869890407
1109827975
2064211578
882033400
2044328676
749977175
353724571
561250876
1101660403
1111769408
415838705
2105353375
382875204
67804779
1603041277
669568108
2099960073
1268119877
2094580904
1977710270
1115314502
281248671
251300609
1031219275
722178179
15824673
290034471
1935227902
124053604
1344469073
1459284570
797589408
423604500
1563238305
602081203
660878873
218351507
143438671
588489204
25976272
822538077
236622107
1081309776
427762600
1228658403
1827463600
742506878
1203492878
1691622809
267342675
530113175
2114660474
1764815402
462701871
1341762809
187993807
944456809
1110065975
2132538302
312369203
1042701671
629769479
1974225376
1250781505
1758737575
1652561205
784674801
1266536974
920378474
294292374
819885009
1843401501
1212839571
2019971802
1293802675
680063805
1468416409
444782406
554941076
1974299571
814045375
737607171
1515921304
999618672
230440575
1847847308
817396001
1211701400
46682401
406143770
871424607
1314287309
1685221603
2048050005
555633606
833360309
2067255207
2073747503
440482174
117659475
1024169271
2136273173
77460601
819214078
83950208
1569658179
1045335003
3797903
1096852271
61273407
781424908
302643705
481273075
1998059677
1422868576
362937405
621058401
674941809
1613736300
2104052079
1296839403
1668954109
1056574873
1576248870
1634109274
1197927807
1589132709
1854679000
668891070
1434288907
879261303
1867185875
2020499375
856445300
1057984075
804524001
202143403
786631575
38376304
1598437706
510334571
2133486576
195456300
507029604
1439575306
1924243771
899136406
1388915377
523527572
927014679
1358932809
191590004
381040705
636315003
2110957874
432306775
842382479
1836141274
483543677
1229680707
1666808577
1577935002
450424279
38134275
339364679
1247439509
1994588908
955440601
2098628973
369922104
942861406
947969608
87028205
975635908
1520571600
1915784974
1893412200
1301886071
979136703
1188873479
309765400
357649305
1154698675
1870530600
639030472
1216159371
1062714772
1942004777
2090406208
1544639379
1647378370
770010601
1463439676
1727867508
1118544105
730299502
1344042507
1394675276
383025003
985584900
1188515877
1714951802
414722574
1608748308
1444949002
795368908
858549371
1399727972
27061376
752640170
639369708
1778851970
104967473
2055779008
1826553977
2016586979
1049379907
887467600
1453687605
274258377
686470907
1080840609
1393672401
1042498306
668596270
1384949008
751706305
148758902
499675079
670259977
508629205
2094187105
333199609
257268972
1541390873
1410906471
607142475
1321555774
264972509
953793605
1246953976
31860903
1597696470
1261994570
195520671
1706857600
2103311871
749340771
1566656470
481516905
917551070
1116942471
1849676407
1265705078
632421676
1273152978
1257974670
1348756976
1038720902
1635023376
1074097903
1749213307
1886563504
2059634507
1661063370
151829974
423714501
1072910873
582537009
2132559104
1995761108
162548976
664092306
1692327778
900228402
1798694879
893643309
1866675470
992842779
418067303
911235503
1507456001
898790506
572169503
61246276
941087873
1274716003
828082177
495609373
207163302
1866425906
1235284102
2061795108
1118917273
1755595075
1464909007
996345672
587150705
921438609
1401037270
1542505101
959653370
102839408
1582387707
1311705471
109583476
324980300
1439115805
1501604671
220237108
544100075
1176478270
268347772
1988462778
2084437471
636479377
1100417072
1915432601
172367805
177457271
79863772
47791778
338082206
1940253202
460125009
2053149672
686870075
527191603
1270721003
2053824806
856931479
20813405
537903904
1021333875
1941507309
986844402
1159618101
1886709074
745147773
1744722507
628776477
1214919374
1213374100
1854583974
155896300
558289801
719524276
443890770
947755679
1077313771
1808905105
1315328376
868320675
648135475
917723405
749543308
304315704
1344552575
1202338677
1148288001
434743075
2147411173
1824998400
667834372
397932707
707499901
1794229005
110290577
52128508
1600322109
1677122374
394861976
1615977674
1048601009
1674691409
941441972
1113713708
2044677006
2119828304
877424374
229972171
212235504
362920304
1476542571
1645165670
1476142470
71878478
1333318873
1381523176
826283207
1820824971
963161403
708276179
1553290577
197802375
318527671
520977476
552592406
761053202
424651407
730206772
325550678
721214275
72740076
601573471
615085205
221176204
228078709
1317583104
1257727073
505965900
1662132302
908361674
1237321209
2017201502
839769408
283831703
864898874
1398816271
1675707704
1976333905
881401673
1146325077
482717402
1594863204
284005302
377076373
1367516502
1086715301
1726554800
2094477606
39783805
907292907
1700808200
316084073
955999703
1670086278
568103479
792714605
356864708
2046059875
745080601
1813133905
1244648707
1715770279
1287113472
933311774
1593710276
1622386171
1766837105
869482474
1063255701
1466523376
1921449302
399313000
316391070
1185197404
82002506
1160000506
732124371
130896909
1425034576
1919855309
1999878805
308700073
237965605
399049973
958540672
1250659701
1242225201
1978814973
348482774
1254441077
182459607
1708692707
36390877
793473305
1542201974
1164395773
1369788674
1950426206
1697696909
2054045706
494071306
1024318301
1978360700
492414770
1357106300
1423246073
1177277275
367886373
636140800
1456202909
1080520670
1883525171
2038857908
1465826073
772279376
836002873
1788430103
10059575
873582501
1953897607
497318977
64395104
60468272
116210273
1628875300
490574909
2113016676
1344559077
1718420802
594952603
1206016678
440676005
2141414471
1538963378
1346868474
1893235500
836260908
1945051101
282758476
642770979
1924953072
1181882778
1990635974
1882028270
1886798677
1867079704
998077200
128497177
622923809
1250438802
889740272
1724494607
1764590407
391298302
360809070
1813576104
1650187501
988373076
510175476
376212804
1848776474
889599277
1925282602
2127969273
1244062678
1920494903
1138585204
2011651608
1135197207
1431688478
1228316109
69909706
1375085171
597961209
1555104401
1186771609
169868205
1507902907
1726643105
761530879
512091476
655195971
555738171
965238674
592067900
234842503
37993802
1340021508
1541257206
794041770
1946911206
478319772
552334608
656582608
2048184900
1955670301
1692048079
1836234371
285445177
1865800971
403714305
1753537270
451544805
1179683005
920249771
281207872
860937801
1045398500
49214806
1202772400
919130873
1475133970
13485705
129814409
1839007279
1320553276
1236163501
422885403
770678600
872109706
863520600
191508576
618579373
1382847902
607492677
1207507977
1613027704
1063854375
1848011174
1704593404
905985301
1825770502
1009802304
943024906
1351818878
1760529808
1860035009
2134686576
1807364605
2063186471
65781401
1668414170
1000992979
706067504
2000156901
308596876
1429741574
2133642275
964752200
260776402
1485878373
2134812003
1029582109
1610090802
553882278
206581177
255176475
505188402
748864908
1653406507
807480179
903993474
719892777
1812021808
1620739804
143886372
2131400702
93203707
1827873702
1730817508
611402273
1361645804
536010307
2040258773
811685609
1962491103
177066174
126409074
156995306
152499177
1808913000
1012646270
1670248208
1463101776
1286513172
404480576
1226760474
715497505
1155688770
1680734276
1189047971
1724126674
1472038909
1779909002
1529094471
933803273
2038217074
1931726575
373284205
1519087370
234100474
563297277
896175305
2119400677
316861971
1554156602
392875578
1487339705
1329576406
1040247006
1007500304
392392404
1151782579
1852572777
1151019900
1135661700
304277673
1978556805
1429562204
821292804
367332073
2140564970
1798750906
188075077
1492298175
1791991407
845769805
759859079
438294976
417779272
998162973
1000547576
1196536474
894417670
203923474
531473077
1093824978
312033970
1598844904
1643643572
596921003
1139487404
1486004005
1867345600
1106791409
402680306
594095879
1658743178
1919849502
1103537270
44144005
218580673
449193809
2088178902
864691302
1935539974
1772538878
553750573
473418509
6970577
693728672
92341809
721375173
1526474206
1638178076
1497839209
1101253778
1591326404
1616976676
1010253704
1635905276
483317401
2118949274
570932602
888320400
600141672
135806775
434687678
988636372
526921602
1212573873
2030331777
23438678
718381408
343949271
1932493171
1276511779
670577370
511834104
41596405
1073340603
1169588206
364825473
1730127707
1964099879
1049754305
1871639070
611355300
301147677
729731873
922576909
2127162671
677908673
1975768177
24724102
1393598370
1912789409
1079541908
322024903
1321625306
1236166775
368411271
1210775205
2138600073
46265807
727793906
363117109
2057160904
270079400
1938437479
1169547170
1924795476
23458901
1404463107
1207195505
416127578
1333864771
1891055475
1928627903
291103077
531212374
60228702
52888272
161867272
655404601
1801308278
657082379
416253879
1784834871
831830777
1096842970
637107301
1715530479
697832708
767621374
589879575
1837029503
390800477
1981507878
636019802
304609176
734473777
1006059701
1430461402
184419374
1128469872
155446272
1738348573
1976068404
945480879
1374694907
1360480508
1703113277
583481200
1839094905
966477302
712561502
327895808
1863636179
1680006674
625960103
324359004
378193478
735723274
1772457207
895658675
5728178
2127451376
512406107
374304674
511884405
1651393279
2033557409
1439760776
649728676
1263448906
1508608207
142632477
1565511404
1173372503
1729250700
2116707574
2120364678
2132151901
686858401
237673507
1385635106
182220709
643708808
109457703
1144018374
1542278309
399520679
1560938803
479029709
1900858507
685290371
2021720009
1047878604
726248571
503245175
1912972709
1315693609
1685852674
52466705
1378774601
216571502
880522877
582827505
254601270
305457871
1344769379
1307374803
1818777677
789630271
1167749071
327468001
1642062109
467148102
13395205
840465903
2104612909
1181398007
404838802
873348705
1999183775
1452246009
1480178376
999507175
1019369605
273116509
902368207
1825803873
353794470
1129654277
700754773
1771972973
1533213705
1914629072
1495109008
1994376808
1608691208
1484252676
1885921170
970998509
658568503
103060076
1281819701
80364108
154385407
1955944303
616376208
724628870
1335842274
1422892474
81918507
841416370
1153389676
1994341006
1166995377
1364104702
1397660805
988354903
383250303
1233191073
105408204
724798875
1151310509
653409805
41857109
1406842805
81151104
78103209
884739773
787531277
389869106
1863003806
902457776
513748004
2039481079
1062913477
1571113476
1051668876
983841703
1159108272
1695339403
876219371
1512493106
1874257000
1234313877
147422300
1968536475
604615207
591041876
39547873
1642125105
866956207
161567676
1255790072
971526103
659000979
1310416400
2066228171
1968003200
900792479
729817905
1668451576
2055050878
642835203
794494400
484401177
1341238874
1282081807
609781001
1945996970
89176105
1258591009
2031951600
1202031307
1440287904
1115431079
910095004
1757194278
552254577
117368473
1018007905
583273171
801457106
334109002
1560406407
65275774
514647405
1022109806
1188406376
2078864506
1859413409
184619308
1703367879
1174165774
1884009508
1579251578
488781574
301063506
1833789679
937423303
255973907
791330508
1745097100
1619098205
453546808
950280478
1755395109
323957301
863011307
299256277
155627107
723750478
141905607
326394808
396836308
874893278
413017472
1823528074
260474605
1563845500
2109869071
727542704
2970306
1234764177
546956204
1206588078
1461373405
700677671
1136254505
934406105
987194172
5634574
2034793673
483429608
1278038704
2050010876
786417879
941187873
948970802
937580775
2006476971
243033473
799368779
1851540608
167760205
2101872676
1016130501
798233674
919691107
522623805
1496655905
269448602
1379337109
651675374
966344701
536972408
1470499473
1938173874
2046172402
686212909
956782607
968993003
636192201
1992600608
379827909
922083101
1202949603
1012685009
968109373
1466203574
1552082170
1961370209
66166004
779058372
1283569679
1865615179
1828879508
621080379
142722579
1340803473
354185771
1402424308
960789401
1006141674
1764013777
1122538705
1249077879
1773646603
1397244072
1949315274
943502802
208261871
2045824076
1890140701
1369938476
1531866276
97357978
914387175
334439678
1920762600
1987261303
1985491409
536092702
1431424778
1431474402
1018600871
472385001
844788404
107139774
541871777
1660367200
135457579
1229221477
227431709
1590614601
2051008776
2025711006
1918206800
2026158605
536067079
1508024303
733574675
35621906
301139300
1508679078
175532603
1049887701
75491809
1089580870
1111842105
1634433401
261026878
764261800
1431390802
1282218703
1366140172
97978600
1429894408
99819002
1820363902
1573324273
1569696009
1936063305
2119323475
281451071
1166493978
1352265506
685092907
162815372
1611462505
391095309
1085444302
260847806
1886491507
869785978
7977603
464396402
757838476
1752199203
4002176
155254772
527919275
2123859401
2090469807
1788993206
987276802
139445779
302234671
365485471
814321807
519499870
320102302
1458189979
438605405
618055176
1395795807
1190548701
964353174
1185269378
1108458976
1470577008
1698212002
1598409377
1199459772
1635999803
860794472
920688176
153189272
162833077
636139077
1843097479
546708902
895074800
26349271
1922830979
1351434501
162159305
522520476
2015445471
869239972
1731633800
1927131470
838392109
912132409
1570930502
2007769675
1266668971
271166806
1984053000
100546307
1803138179
1600548301
1912272807
1385286506
2094325070
685005306
2136669677
1537492478
1432904401
1081341174
1706506809
2035423302
162232809
234589107
2037025877
798949673
1707213070
1092278773
1777288579
777252005
202747276
302291708
1684576072
1740813406
120930377
232039309
930294706
1234278674
180279578
104346673
1576779573
392505678
902637404
1985184003
838762608
527231105
630804971
695109203
1684713672
1553974308
895884576
1409161302
1680464307
1012351207
128620100
1080634501
1164504570
885221702
2080850470
1105949603
157078872
867644379
27442904
1720356479
1982555109
1481933171
119782209
1443815503
2130777876
2110255905
2079691303
689128975
1165366901
1749940800
1268308478
1184165506
1915045109
1436122408
1625147574
1813186300
1613524179
1072024077
1718902401
2134763601
606018206
1751837572
1747209300
1357955004
309118170
1720437975
1556923107
546908804
2083661674
1310872707
453480401
549965603
992484100
933274900
1258102778
989683302
214379978
1746386773
1017678902
895092000
1741626403
907601600
2084848703
2068340308
1278142577
277413771
1699198707
2117263979
1119468900
2029240104
503398179
1542080500
622345672
1147041773
814793906
584037179
332593801
342121003
154884209
991080575
1003075974
1503451703
1729169370
1634226704
1231111170
1890338809
1399787604
15169177
1412329809
369429676
820878806
107421270
1557015471
1696616100
1423299408
276058403
1583692970
304176475
1655488202
1800962309
82415575
764123377
2008458076
648183877
1159335201
231905300
839526779
622941909
1801300904
809536977
311133405
1378601977
1707582302
1470313900
1978365277
1657201770
1014540005
843201801
1816673502
1563656905
952442309
114245376
109965177
2118043572
1717346879
1272283404
1656783575
1605296806
1546360502
779737101
1622655276
1450403374
1855861406
1103422170
1699503601
223386870
913870204
1146996171
1553785200
621347402
2012392472
1162507976
863472304
1548639404
866486505
423334470
2070403906
1275622303
316093607
769003204
1179925478
829434709
1890132078
1393765377
1619346179
1989612904
986472277
1919809270
965326878
1591408707
1725940304
1072316572
2073849677
1066389009
741975608
793907007
338462300
1026567376
891916572
1635234406
1697759177
1125467706
921980105
714480907
1368716973
1547882002
883280279
1625971904
1182074808
260525770
380723901
1056015179
1842581670
1166529103
2022455870
1659358575
21002177
820822500
978614806
327577305
1285299674
1843122404
1276895777
905385106
1568359500
1508833374
1343143575
470390700
1714816806
223402676
1949459473
2083472776
634158973
1662034504
128497707
130825501
1515993602
240511208
1453990201
1497545577
1440951875
1702636807
164521906
1750470709
1725022901
3044270
779475003
742937376
1438607775
2052771772
1666243307
1617735573
703392401
33227174
2091680270
449007603
736178672
1054538102
1166872903
789983473
2143438771
1761937574
1834499872
426432876
1216101309
1553691270
1081467703
395254304
369228008
2030619403
23512601
1520960109
328489278
107585603
536009005
867754573
1066076804
572595178
147115902
690330071
1480904672
1434886172
1770324974
1858145873
1073145670
789280872
753522403
457723577
1214980109
583586070
1760506078
1186536303
701644776
1105061576
1598853378
1137825071
945950001
1407487973
203010101
1826030178
508766400
1213615973
1184550201
1257823206
1918809679
947994972
2033803075
1907619507
998376509
1667740701
1342098975
990364277
914144208
1324295277
2017839203
1241866404
510546573
906381578
688313973
1954036006
1226167773
1040426007
1032916002
616507702
1481164406
1236358409
1591141472
1637135600
1560988404
1940627209
107292401
272432770
601721100
1378185909
1064479701
678929902
353667407
1685561877
1250388909
1632863101
2053859676
913223801
669829808
1033832600
915411274
770062772
1080391770
99568302
489955272
31986104
895719307
2587101
651690375
1267121974
1127635408
905433104
747459201
1340324075
1779114775
1547915676
1618109776
804072805
1337194906
1963294405
1318284674
1625521308
990589670
983695105
1300276900
1625744373
908634806
1238759674
390311878
2009312078
42638705
1448155200
460423609
791305904
2065479176
313787705
846682474
658476874
887125001
557855209
36336308
243042174
771577173
1327307402
689316207
1656821006
759413171
666857074
617326872
356988573
1726490107
1544199079
889271575
1068388171
1768184671
70847672
2010742002
1875324801
1605056103
2012958002
34484079
1927171574
88950274
862007701
1774279378
905843176
396412177
471406201
1091494500
1612312205
1244251702
1487249107
654421309
1141166404
1360776603
755378906
1102856703
1958242302
1650403876
805548678
669038872
1965576600
1496843302
1153392078
1184921370
86484105
736661402
835592805
1972886206
1646230074
1533356104
644269374
458996574
629062808
776021474
1570040303
2137146209
613605202
1110568178
144181601
1354104377
1558553071
395056200
1245428503
1055764571
148988873
1500058008
1205311779
1978373300
1563966305
1762141272
1006018006
707873803
1704847401
676957603
771423204
832381774
267483408
1091814806
1370619874
4044806
742403209
402117400
17019072
951560276
1716264873
554967203
1737547106
499242400
1182710476
1246937909
1728230770
242586175
52441002
130683076
1501056672
1141195606
327203601
23605579
225259673
1892700902
147578809
276237079
708642479
138971070
2108489305
840174673
1162149305
1609559104
524049204
1668180408
1114378506
2035091370
1921211004
873661878
114449878
1646715378
1145203105
1886111800
1605698479
511720172
1535222479
1303991702
812915906
409033873
46021609
58931475
401874372
1486047973
1209358701
446178873
598742979
35578500
1174160606
1299705374
1701044802
655905603
1217559708
1835770809
2120150076
1129744202
896416870
1597859203
420955571
783755674
1664613971
671940477
543776807
638673276
52569607
997139471
2127325900
927787572
1215856502
2062959878
54211002
1046825009
918225004
2013583275
1829372770
1472883107
1684847406
1380448600
1252630909
1575162377
614309806
1937565706
1047647300
1935034075
336962803
1856237573
2031774300
519268509
1691397570
542487971
1168256275
1925746973
1604491270
939468972
1146296772
61751074
1900652672
255748672
260151703
1073049874
423361479
1667471674
2035153307
355381408
955610677
144941272
1332140102
1421439905
434066674
1589629578
225732206
206678971
1844393871
2092610005
1325364508
1829749602
362441474
2007590606
1822406804
2110054271
472479270
1814164402
660568176
1065762476
286757175
44433504
504633175
146179171
1206520775
597149179
818834701
129026302
2128915871
1625074103
674449476
71642109
1639215807
1199573877
1366514903
639514170
227004471
1707908271
244174302
1610011676
23424807
1241568501
766662304
225623777
1867681606
74409006
967131876
1043518871
1837074508
1852601405
366453274
566054671
351976906
959541875
753653800
549932073
1970906072
775511674
395510509
1737778201
1989655771
473814807
1077476274
547680976
404028170
138675201
506055806
1614055503
1021994507
1462032503
1446584706
1160049872
1994206172
1710902274
1182199274
131283403
592151073
199972676
146715604
1975084903
1554746173
1753756473
1108989778
966123705
1300134277
1463318772
237433203
2139681378
650710109
497895573
1278121079
1514210606
471551104
407846677
662741506
292495805
1639473705
1050458979
2029029407
292871575
1410008208
1771298404
1748439477
963359776
172618879
1089667870
1938424578
772915470
1993725270
89661574
904271903
1447847203
1373702172
1267162573
1764359670
1628484575
1622549001
1831696107
622150079
884153309
433573777
1574729305
1099352472
1006885203
34352006
220706678
955161674
212717908
672440879
1143027706
1688547005
1044141377
2141342904
1214015371
1153482674
1627962802
551955874
1182887800
1895607773
2145905173
1620374572
1623629602
133017001
1540540179
1649657204
7442802
424252500
1817142901
672362501
219163271
933613170
1178031979
1296508576
398116506
2122408806
985767204
652255701
2088816801
1305572379
280925873
1814255503
483523807
1076434073
1972201305
1386560277
1896294209
196783474
2139858403
800578973
1737523572
60906477
794769177
1354611606
1599950079
1003719402
2124264678
318155705
1531064605
1829667475
135536608
653921207
778299470
1849175900
494734001
1441672772
172540879
650267873
204215971
745317101
269145805
1515413972
1368214477
1014461378
357317079
1760553973
765175607
147843700
952861703
310356576
1067661100
1530780472
74668171
620170270
1805202672
207063671
1247952776
1375906
2139484377
374238704
1087470308
608097876
1928401579
1697070072
210861008
1263380270
41462600
1748656271
1283268305
1337046201
1550918976
1361538507
1311569809
760186909
1636097372
1102079408
908437604
2003848677
4945602
1073448275
1506901806
1748935377
14877377
1988356579
1988720502
1899163202
374519277
1713681409
1382853374
638780374
33088105
1518977607
1133296705
2064923079
28829870
571837809
1735200901
175378375
2026854407
391184205
351120402
136186175
1283351972
1996697074
1729697674
1276922204
1420726777
354550070
1276232671
873133900
247469606
1681712209
162937408
1466132479
32696276
1947947008
1104306171
1939534578
1685416208
1140029900
1444988107
1307566879
1144671076
95989273
428235308
94231574
1661522609
1955304571
216765306
1956820672
5602374
19088770
1430811277
1272028103
1456829071
981936071
1920690605
757304508
443612274
1003396571
436833500
1916740701
564064974
966353775
245397808
1834594509
450701400
1063837578
2087249876
1949056670
19626903
2002629607
72770009
1875474973
1856401874
873206404
2056674401
2104087579
370406209
211527270
991378303
521211670
270159900
861617170
1281396906
2069128604
431432603
1296094807
1098803079
958882777
930868705
576580409
1432550609
1255867871
826499772
1693061001
1387753207
216457873
1152954107
1974739078
2034364175
1514947978
179653209
57570808
776846000
645646809
557114977
1265660806
1686538973
499840177
728181608
168902103
1207586570
1924682909
560352870
1868858374
533099206
1914146307
1640249472
1037519275
1433365875
1838651707
1534232000
1011041072
1312587503
301701208
1738766778
692276701
879485079
1071350809
1262292479
627904070
1569200876
38477209
598339609
2017280078
173051277
2119112209
1427430771
1742819274
1752661202
754890476
1936621806
507572972
1223528304
1757299677
2022544104
595851573
1775357473
1965141404
345145404
1796322401
1134356504
1104912975
726148701
1046686271
196982106
464112178
13312103
403320073
194406506
1594718171
274734607
849354807
787188704
2128049779
2015780173
1439392374
376902000
1047907374
1979434205
1513747870
1678148902
1242064772
1920442778
1638619478
1214236300
1019369575
1936455875
1226986604
1202436601
20990172
906503405
612327776
1568346305
631864971
43173972
1659723178
698859371
850524077
489962276
182936677
1064629204
1349266009
497078702
646797900
1469111506
1935568507
405220501
1578326408
1322711903
1080315306
1658954076
2108408979
1875876078
567630204
294147801
1158511474
464669372
722651773
1144683101
989895004
1335621478
90828705
575104771
1257692173
628046973
751425603
1785962703
1263322706
347767473
391490601
1683216171
2105934709
2028867078
1123225377
1502071379
672864803
765664806
274902679
1302265579
687486479
1530426409
48593400
1940181370
1122002179
134397973
2143494479
1185101504
1188060179
1428493303
1940812206
1875889408
1579277607
1697039305
100932572
1401525003
703760071
1177350579
1306594979
712451406
377922408
1429420104
1210558971
205771877
1694737103
615276302
1042318904
1054371704
1399552801
413754901
1811241770
2139169006
1324084472
823893372
1611878306
20385670
1033952506
312123471
1267268402
1689322905
668156208
690806876
811194875
1001304270
751085973
1644316709
177715975
1893881371
161046101
1226630877
1500574471
1355531779
657775477
1307784774
337468270
1805026203
1332694577
1067009607
311511100
1963323400
1430601376
929597975
695800077
1959940505
1514776079
330520579
146801978
2136378301
1795626601
1233355007
853923407
1763424179
574412701
1397399607
1336233007
885663775
813566901
728717803
768954509
1229234406
473382379
827832275
94545900
1477783473
1339474800
2026604973
556533474
1109532672
81530306
2123312505
1018403503
1576900570
361617079
1837911304
689895779
1614017004
1182138104
846322373
507861203
796245672
600360478
51559978
1051772808
971172209
373057078
1327313508
1483003078
252396200
828569471
1966223477
220961078
935769509
1199162170
1848615004
2052903309
174157972
1651106502
1795542804
668368877
1661562209
286091306
661543409
382150073
798200079
1428873576
2113689102
191250279
1100689370
243260573
1374198372
32162406
1752080407
2126223503
519672408
1055665804
1174511002
1864807473
1677085773
1718241305
1526993503
93213572
526014601
2124224378
683416178
1469432474
1315296474
98299105
1940621000
1672734872
210202773
1356082770
175327672
563622302
179012672
145864070
1570904175
1325882570
1577979508
1209353307
1775949107
174952504
1455748204
1085627806
2145424479
1239020870
2076225801
865943904
1470839606
490049977
1634836209
1514170100
1374976706
938713978
711407871
391876
1151293675
1601349672
1461301679
785899271
1168590574
1305049670
1982334602
2107555200
924342778
1993968572
1937999879
954987772
1898862209
1172691277
96777679
1769195208
1693010303
2004493304
506660177
708766307
477480973
635037272
347356700
290984506
1919164004
176730974
1853635902
2079597205
1782481405
403378473
1497251802
1077209702
1727555902
1306469175
2144901675
436232773
1043376007
1755845009
858908370
1890434970
161794404
834892007
812665708
1107238101
1220931574
13629808
1644444375
745065208
455669807
2026407877
1943378400
611917475
899492404
1432887470
1145299003
2095533703
887559800
1026449174
1539182474
2138847609
1735681277
2106471378
1860665276
510493407
690764604
2073234908
1876033007
736023174
627352876
1234900573
1944203777
1856489602
879466571
689430370
1861859170
286742875
1911385179
1253027209
1982566776
551678907
1769752373
1244886377
1914109974
513335301
372574676
1488251404
201748309
1486723202
1378380408
822166703
103186208
630937175
205256776
1823399970
1111979105
111870876
1087015308
2054268207
235128172
586705074
236236408
669787571
76504204
2044016271
28606571
1513129605
1788124472
305850708
1294636201
1603790471
1749006077
95201474
1331633977
1250164905
15556470
1657359478
878794101
980189172
234341373
328704570
297663901
748540406
94428173
1130572478
962456003
294764475
2105286404
397372879
216429777
505559572
600620074
779664978
819076906
187984774
1413094675
1543397405
166776106
295545778
1695703705
395724608
1607587372
244007806
312772006
1919155402
370362508
389683774
1198856508
1531924701
267282474
2100516704
449591279
2010306805
2007531178
1669119600
2125320908
167969706
545431308
1356315402
163520374
281291503
1682464800
1399339809
276869472
199202473
525191174
34474473
1116727376
78822177
1064840803
1338055872
1411192004
454161870
1571173179
1080836379
2005500670
667491371
871663274
108209073
1376206804
1822041100
1325364977
518593400
1112321571
804719773
1871135276
394343879
1590802975
1595777500
56381979
1069413306
129256477
1172281677
1444038672
1702043970
476271279
1903461000
1898630906
239969575
1376531970
2138871777
1918560072
2101044772
1064975505
217649474
1090658509
2031673370
458724373
1039485277
1972984806
860962008
1193248306
692106571
143372108
1405508470
49997170
383648705
1481864372
1886287274
1494234979
66868277
603689104
1239231101
1667601302
524728703
684226678
1961312203
998272106
395690275
1485059005
1594849309
1008382871
1734280604
1065754871
584054478
1661185777
1374473106
225637576
798500506
1832191608
948250273
1130331678
1740525401
628751377
2118744379
1140841303
451771170
809849379
1360699604
1810467505
303501570
2038688201
70176370
1191700879
1904931008
1332518108
1827782504
1964343502
452001408
1949600078
619947370
1552635470
121747871
900097878
1926592071
467565202
1195136476
1266058178
992827904
1607152572
1155496006
604240507
1438754102
530057302
999887670
1227166508
1067411078
958858979
1009138675
774031103
777376705
1531926478
1946858675
1393181605
222565175
560923903
1183063479
131725872
1128469679
1382770905
1730406971
705677903
1397483908
648455604
520420174
750978074
144701677
1232725202
1046976973
555248108
738740874
229063508
1503597009
299140478
706557671
1666691000
228245808
998081509
605282301
425657507
1462979709
346671305
608219409
653614803
1290926901
675572708
325352671
858076872
149509705
1486960903
1770568473
21058372
577607807
1671386108
198283673
2019704977
65357007
2064464400
965060109
758498006
1921101470
18539303
668976207
588786202
1135835407
1835152205
439281003
1975517172
1377119872
1252853202
981677377
921647272
764825901
1132308409
1153671408
1059382773
643096470
76860670
1373654978
2003332006
2015375207
1058128876
157824474
1153503077
1520271777
662406009
545616000
1150016105
1370200309
222442904
1871829175
761269403
862763074
214705179
1252870909
24437170
2113377076
1506559570
580619977
219649272
228487906
878707603
1805691702
294220003
1107384271
204404209
971982300
1985873205
584026104
281220772
1869752405
1793743078
981732374
1258997272
426330778
2121670000
681621473
1296481272
707356279
1654345404
104894273
488197702
429520606
1525907903
1882373806
934272103
1719176309
12872079
1633657172
44824872
106747002
1328176601
1351008072
353870674
865266606
1380391477
1423033072
2038726204
829253802
374615372
489847173
742612679
1208487601
1897771679
1096829170
1616905409
1415638076
780340878
1278501106
336903107
1894833074
728922701
895203176
1783058409
634144870
530650309
548108773
260471400
206343974
809437270
706659179
4148274
457134708
1702331279
252597804
2106787971
1110363407
1786626870
1933675076
1673470802
1791901200
119611706
60813104
1935251775
701038701
720043005
2047388771
1669887402
1772392177
118909109
1141181070
930725375
99092700
1307081171
810228108
1245839074
116753305
945316275
1194662903
1072946773
1365704807
854026775
17591373
1883180475
920533505
335576307
563712309
564907971
301463106
1149286174
1465679771
1890451600
846021372
499940174
612318871
2068694201
1422122778
1659280174
769471304
310221077
925087676
1282444102
292877604
88660772
674438574
277425807
2423975
1833843075
424021879
2090338073
1295368802
1503265473
2131505108
1965696174
1421137508
1618860076
1808211771
1205893975
1739595874
883611702
308870679
1655665309
1604897200
533854577
1562151373
1484330705
1302559671
1886482279
1557465808
654948508
527406678
851652172
812964900
1602458173
717408177
758634673
1825720879
193643479
1649015305
1850213403
2146143372
1644719405
1478286473
1761074676
1657688906
426242670
495943674
388922077
1759705975
826179870
1189039905
295117906
1292305478
1724349372
826340672
732298602
2015651679
857352677
122877773
1457918709
324859670
101641373
1236248601
514339400
1265429604
111437872
971004205
736693509
528165008
2134234877
1918372901
213267379
2023929776
929097871
1534637978
1532833879
1621785770
1169626606
1139660674
2018236377
1381525801
969638474
1854550575
801668973
1693865008
1482620404
1373654601
967998702
285095675
1879135801
1248147402
557227775
984090972
1393389200
1188768477
398722572
828539008
46925902
790303976
800673305
2060201002
54014408
81498771
379460201
1326288470
47274472
2024195078
1720235906
1611058274
2082672275
1366455473
121099472
652958900
1108528202
522849305
1631930872
931051178
670728201
1482587203
144830609
1954743106
84922905
535882870
1743235277
21986571
42033700
508544773
608523904
1907310400
916793579
1247758401
1936761001
1367532300
873117705
1563296877
605462175
1177537878
1671567573
1473026775
1213826707
625415972
2135174870
326899375
1864016600
1079905901
514017470
751785775
91634477
1117281377
677453101
1143194408
1282248201
1585637674
1052689702
1314291609
179402872
108932900
2089100405
2086068673
1110095508
828096174
735490770
1156203303
420552204
32918370
989398401
1344127403
1969180809
1506252101
1709972701
1344995571
450514878
551838674
1448923903
89524873
947219476
1316250774
1235274578
17197702
768406478
190695500
842191404
1950665409
619801976
1410009775
1024719406
1398720307
1899827575
1374087509
2127431371
2117225779
941698275
358383473
1491455370
505907070
1116601908
599387370
406868003
800198301
1377504877
612220009
797511171
1149923372
238549407
1896009076
684287073
716842276
1068117003
933766470
939428876
2121986875
1592812504
1908636507
1831440577
1191676976
2017168670
1892831409
373221905
1111449273
210588870
2090506106
819280706
2015396107
321939473
135327800
1218655008
1108983907
1339587475
1681294271
1583956709
441232876
715991204
1379343178
782219677
1948991904
1891409570
1235237003
1090827206
1586113778
480151603
1085789102
769237903
2141698975
1082336675
624734608
1622578409
1738794074
702523500
435332777
1819566103
557196801
1954952901
587961205
1157160575
493526401
783481505
310449807
2058630275
158907401
1297295274
2051458273
1671405909
258608172
1159178673
1327617006
1987369707
148399773
394138878
394793079
877208779
247674306
1066331608
851254101
869636703
1866653874
333440303
1930346106
1726236304
9589102
928780601
625679306
2014075100
114490602
723594108
1324293575
1154223474
130189307
1477122502
1323976704
868897477
1722258970
1996292100
848283871
2115978209
1318117670
987612575
705739900
729147007
1119907809
198708407
1507641679
874829303
292214671
62307373
1438711200
1824222378
1663816679
966481601
1495317008
1440346376
1176137378
743560600
976907207
1453449570
441136975
1670593973
1837003904
1632717175
1237531409
618478
1858539803
1312941706
64105901
447922876
196718403
1149441372
1437746178
1500036503
1695322573
160976700
1659131275
1337486305
744646377
170570203
1121661875
1699036570
1152615602
1505608971
1732095073
992908504
114045379
1992052408
1205201007
1928313574
789978701
2067483109
15621808
297617100
1839408400
1053933503
468661707
591101279
1694778073
1490227874
273991301
1798617978
1273861900
466795303
1969747575
2075229904
1057453075
246400702
190026302
463376208
236466376
1658457806
942836774
1109974009
1485641472
1127044803
423838978
1588231609
1841981476
1120244405
236232278
1283008879
1171908207
1028146675
1225839973
1623698605
392341371
1064784872
1011484679
1211046171
18388304
1286082073
1669337908
530762372
2114352575
1094785409
2070640603
737508170
1939833877
1107389300
911742071
1451805509
1745242305
1326401709
1573241470
1044613978
980814376
262707003
696079277
2030751378
469382578
1754130908
1284435171
246181179
774716604
170918073
1129393806
1287090576
1223632073
2124028076
277245570
385113409
2009453671
665238874
1172653171
1052199609
1694712200
2119653005
553831501
987940809
669126578
198179600
860487979
1336330407
2010697674
1440026076
945556406
289137175
1165047708
1853554577
1466104600
1461667376
256690501
2069769908
461521075
1512763174
1871933000
1685694675
1227221903
970718007
1267140409
838977279
693564400
1449008400
389336771
2054542707
33162701
22775476
294632003
1461612773
1963340071
809783706
1159693979
1936357207
881077678
891374576
2117409008
1879801375
297688703
1378758905
582051476
1089688603
1201217371
2003971876
884166375
1384528874
622448300
951241202
513700001
1475872603
204434575
1092402279
576827901
1148218772
82409971
901544976
1304674702
240468573
2067378709
690025001
1489779708
1200723278
337072074
259188205
997836277
1660312607
1156423606
385365804
1717125206
1340043204
1159660176
1584160409
907192579
1461922505
340617577
370761977
289729305
342155802
765448402
71701478
1416047677
1434888973
1506614707
1918842706
1458057674
1448157773
289409707
2003924701
1753779906
1286585774
1323314108
1643638109
832683279
1433187102
1925702006
216553073
1958619573
1393357105
370104677
189576272
213701508
2000865972
112579409
446941673
1857704000
546580374
1867044478
1253748170
2034911704
1960562107
1975068805
1121932000
1533863773
1704651370
1322656909
1608947176
920829300
1536295203
988765605
525060602
1675936876
1266810375
1928183200
1594659606
440798803
1840322506
216882506
1436529677
1245686504
799468775
991470009
1581805270
369509777
51430271
466098207
885657976
1838657405
792611501
2107796001
1845902503
2141253102
1637750174
1969002676
997211008
2002037171
228303771
1357724204
662887877
713142172
407898770
813318307
163369507
910312876
2125568608
594602005
290693676
652914673
304011077
503882805
566551071
805754008
1075489374
2096191100
1226046706
1634337170
1921760472
1986998304
415687204
1109143271
1183617709
2059928477
413599603
1048459073
1173499209
2045743779
1937476308
1251937500
19814274
1694599277
707451776
1195638477
1911457202
336641078
843317874
283856775
356059608
1824342701
1487530405
777753474
1160686974
1176178070
25569874
18831379
971825708
2099540376
264812403
11324403
1162820977
431789608
2047713000
827917372
399718005
901174406
176249503
1545491803
1324607971
1153348572
55773500
1211625978
2411802
1083356874
1762557674
1733140078
1738699077
1044996877
2119734673
1345261270
2068899700
1697371970
914418609
1595673508
530261409
25111800
270607909
116074573
1015828803
1058493308
1442480373
389810875
1527207870
1088685779
357111100
1172465201
598618370
887855702
157607008
662650572
837747307
1677661002
1031482201
631827505
30109373
1206437100
1010482305
283728705
2011128276
1537620375
152791005
1211235201
867405278
1269817207
1513534005
1095711070
6855872
1234137179
905744903
1064142873
2036131207
1896089308
324941907
1622770904
1244892201
1119141906
2089045178
215028009
238989706
441723675
1269942101
1340063105
867728679
339531973
1904903774
578025201
1165473703
940426501
903370205
101697373
917871200
1302995070
643992407
380394176
785164676
1351897979
80733808
35949972
681892076
1993902470
1075480971
768544178
594641309
618511405
1582809409
1505833502
28955602
1061940277
1631073306
1896606709
1968960076
1891003005
601360477
598984075
563982204
2139476300
2101132104
1349903906
1673361803
1548503309
1390470079
1999228573
34904979
780562601
476966272
243094071
1839653275
1958168475
866483606
1822740709
1125640376
1535490102
1011541206
1035435003
252315370
315496571
1997775879
723072571
1147438577
2039422076
1227352878
783339100
2074116678
1399410075
343064208
1102629870
777413378
753842708
654430401
732469506
1014629006
549464877
1124816573
130994902
614532078
1253613309
1463472102
575147903
94698976
1539209379
924404472
411665302
79978278
1575249905
502904074
1072300379
260291607
1262253302
1295691576
611452171
2142116870
369023376
1750011908
1991960701
2109768702
1624633705
210187073
1511486972
1034056179
1969548770
1678386275
1351501407
2110853008
534056803
364440773
298339502
385629305
819130277
863252079
1376027900
204595305
821322609
1032581270
157943073
1658037877
1240964702
966211474
97776601
2069636701
353858901
1873666700
2025767704
2077522776
1513405205
924096507
1591544470
158263776
672342203
1920628372
930795277
1679420809
1723759272
1405872109
1774692577
1203029300
1320772001
1510205671
1064943804
1921232874
333751008
480378303
2100247907
1062047171
2056671673
2015335803
202811579
1146892178
1859343502
1514756600
2128832008
670580708
517631605
639894005
822129704
1752443477
714108703
944688502
608721304
741464971
1365804276
2055395407
1712885901
1092889502
99420201
280001506
1651591276
953910670
145874500
431629000
1115246270
599825170
405036272
1478545808
481855574
886903501
1134739473
453755774
125042101
1867400203
96958471
198252379
905831772
427600179
539540902
351337677
911342009
1692690901
1732755370
2140569503
1450631775
485772973
1218079976
169823475
1981829175
37079572
604553105
1109861200
517464679
1952823370
582156407
72971670
1298452600
2123777571
932666700
1158277306
772799802
1443274704
1180026803
984974975
2140975471
1337701175
841831874
924480000
1027941603
1873124679
1847907102
1476508977
1144128303
168433974
1393826101
46482306
1740507004
328529979
147611209
1269689900
964390076
1860154379
920867007
1601113405
1409675205
529120203
1791703472
1970252506
1551879604
1421676276
1560927770
1401577009
780924077
1467904407
1805200878
920338977
582998300
1249601673
583361300
825562072
529115779
274118375
829915404
1380989171
2000564103
646530406
669732075
586126378
669114173
757908670
1113295807
492573409
531017775
573405574
1709328170
1425480870
1221085379
1144372109
515831905
1865630200
1105590372
1479596401
1535791205
1871928578
1815104872
487228771
606250772
1239479908
979746574
1683781879
1508016075
933594572
1150482278
2016772273
1551291179
1763797409
1299906471
217827905
111046801
203421608
2001468974
1684099971
1227943002
705127405
121508778
1079818077
946190272
694046101
1658632074
1579004870
858866602
424878209
1623039070
2010372907
427921905
2025649172
1860857701
1122328006
1826537778
1865164170
1361472677
1909993772
1678372
1401272570
504261706
2005094671
317884804
580730876
1786571775
486617507
689417279
252569178
1205008
61463402
1441696700
1477346906
2053768275
1079867376
1164480106
1587503806
599384379
376902976
753755574
542303807
715704174
189318109
537740776
687458175
1862991505
1002859300
1767441704
182169476
1801430971
1930887175
1964963004
1096881578
409005608
1449467576
356856104
1931949301
1879257176
1944435005
152301300
712208002
988508707
988483603
1190785408
484771408
770859500
1400129804
1552178676
1890872603
679868475
1575434671
1311403908
2100238570
1962358707
231770874
1773691905
1456788303
638218972
1022858806
1496760305
343135979
1170095071
2141850778
542112273
119118303
1488481106
793566974
1917422707
677193975
1546315607
605862504
1644632475
306278179
1447356074
1325946476
1022795208
1280133174
1762534479
1068521577
1653183173
441818179
518164103
1053826572
315317379
2120309202
518826306
733420078
185620278
1319674502
1848843101
656707506
2064864508
693102106
1990373874
2056224902
270970509
281030277
273482907
532916507
1407229670
1378103706
1493250101
899159374
1289439774
198386078
1514094606
1166003300
727431800
741730600
1500425207
1656398306
965177500
1765273075
1661985500
1347812678
53986571
1612204775
1706432600
607941206
1239717474
1514171509
1848316609
125206770
949341279
2035966307
897953201
1562787008
1473290909
1303713676
1583656200
653174308
1590212809
645617575
1046477503
463688071
944896101
1086252478
2016380470
735629570
217021172
1627054670
1203944006
1649666678
20802970
534340974
2093874405
1654466573
1021093673
327475101
454904008
1725758307
452266608
752869903
1216405
1381496971
2134912407
895213477
1613940602
1306359672
415916374
479250479
597166109
1581483474
638372508
1500983402
1233951502
439645304
799033408
1028358807
1803592308
466497004
1115199776
58438405
805789378
1073395808
327215904
22590575
917114306
141574872
1073171574
1280711701
977288806
599492600
682670576
1538099102
1602388207
288977279
711666177
1888913901
1650654202
980475403
1321638905
1123004008
221672077
1540701875
786625104
963307903
2010550103
152113608
1209840073
1038039272
1514583601
1361293602
730816404
1092785873
1892928206
1884220505
1207510108
1998450109
463262271
266521309
1812529604
1673983673
710789279
637621000
709586973
1904975103
741297200
737787803
333928676
1795412478
1548807671
1153877702
312976209
225355274
1524818401
876453209
244301802
1536638175
105258203
1906144471
1580584604
1205535373
1676396409
138774705
1620614703
1154767775
654835203
704629501
1464821003
1508323404
1706149774
208825503
86645471
804738072
265452002
1217697575
442848001
528533475
1722143371
396698009
1554433472
769757404
260781607
1632397575
634382308
910475875
563875101
1544470307
660767807
404643401
2080611177
386951274
309721272
348039505
65112002
1992720173
53093601
732521105
1482750900
2142697901
2108003602
1354530973
2008009870
669917600
415405275
1838372005
601172303
307607770
1551109676
1413991603
376703702
369855406
1429138470
1048522079
1307210378
1999654273
1403282308
1307740674
1840635570
1623927406
1754411677
38118276
369859078
90848304
1498241304
2006534176
344215277
1115558479
322446208
2108787671
1956260204
1814708479
1888205103
280025074
1424934706
1556976801
158825378
840362304
1994866007
269624775
933924702
1520121701
1547000074
943735408
317765408
330571101
1284910278
954907703
1696396071
608546209
556507005
1557107971
1238609703
2142466504
2128606009
1814888305
1713084104
1310925003
1565156604
815793072
2047150472
805673177
2493202
996592678
1444087204
655811107
1482965870
1081561372
1409200403
137244700
229813105
1872993772
1620746570
327841108
748535675
1461043507
577896609
717511504
1284250278
1567838605
727272007
694215501
1287380976
1699987574
343366573
554494605
1353706277
2145830775
1038064076
14933972
960836073
1232880302
2144837070
1096083573
2026780502
1149392005
1698820771
613999178
349631977
987344170
370310209
1059694374
291119878
286246803
881181006
1348530370
390173475
1125300076
986896104
1486705371
236233209
561057505
1036450771
1715206072
262124471
1001583971
1953983903
958819306
1237633479
2061503000
1328113101
1350241408
972857907
529261479
1786306801
1315762108
619333273
1471473975
337975102
1334812870
421753179
1317809708
1893213178
169157705
2047199807
1639232201
1431625671
304376405
78172801
980066875
1447491504
1305065904
1231009204
2096412276
1512357973
1374614107
1647582974
1669550277
1761853401
598815101
1697250571
2112849607
1715602877
1175796607
1001873677
1264683579
8648306
1195346203
1246789105
259444004
919745870
1717300500
1513806278
2084366173
434502802
894564109
1640417504
550258807
1876114778
709587301
438254771
1450050706
1038014601
1949442479
1161377500
1246585972
1346781779
24578372
669670605
1553092106
1808464378
1434397979
2048562104
184032477
454230677
125532807
2125783078
1456337901
1749229677
2081151571
127552979
273477478
1354919708
955192606
1269267872
1432468401
1415286903
1164261502
1732129070
1472183706
697796676
1714787809
1181443005
270909879
942293203
151188375
625028403
2062173109
849897409
661021303
1548884103
802789478
1528583374
1531733473
644601901
813696073
375007606
812108903
868641172
1040627378
1590596605
1182726978
1717295175
832540309
1284969901
442334271
1784140273
1858643471
725374376
95192505
508192573
192059305
1121744908
821148472
1892565478
1664490902
1409764207
477155478
1695215479
732006204
251190503
343421802
1902218709
219126378
790314905
1207151707
1230827473
891072000
16150375
531517176
217243306
1630177573
611698075
251353871
124562174
1474746572
595537708
1697730901
2066687707
870963503
1378804608
858586402
1738512105
803362200
926109208
1468978577
1935246876
632597472
1680962401
269276908
1122906772
1899094776
930275807
589250206
925065175
669780874
447086374
1832771208
276682002
384577701
1038571507
1325168800
1737816004
792436371
668047974
1798920405
1925661706
406054573
1190732502
1371602600
1159575577
349547607
1062865773
2100715101
1916363979
2138648472
1202062779
1383699704
1991715872
1057883778
1843151875
1501420905
1892157006
45680574
1267899577
363017307
752951571
1459375504
1756914608
933039276
2026364377
1941741006
1849251106
1302541376
931408909
581003872
994583807
287653175
95542478
1670596808
1658150200
1335953378
101019077
1924709602
539691075
2034058709
935189807
300138509
1289950276
1871542301
1461673970
425981175
405625505
893250001
1903974770
1709274279
1705345309
1081951770
1255053705
927807807
1841440200
513991074
778008802
177829505
866787009
1455047874
1836494174
989699509
675035076
980571276
1349827406
269189105
1580195501
1915869707
1724961200
2077435972
1819682375
152744005
1155577974
1946281800
2070251779
552673704
829096575
1277532579
1042045577
1761175578
1219044204
1472214974
1477101077
1390925600
271611477
94574776
1051684704
1337889176
2123550172
930993501
456653079
855508903
272593678
1712189772
690203978
760639602
958065974
1589455201
157531900
147538408
822813773
879230978
1794970306
1157325973
1924595178
1319292970
1735159378
1229156176
637032771
84634576
124243176
1847006078
1797495705
525534675
352093272
904221974
67847808
354140708
1716433803
1951204876
2147330878
190361809
1767341308
641990809
953459601
1269010709
748345809
176005405
880309379
26119205
516332501
1152075501
326746702
92937101
2006730172
1701732673
822138477
1143625276
2065463303
1290681203
1985656101
324436708
1107324073
751282078
2095141872
77918306
866034307
329462978
878657478
1135481677
1691281807
591617871
461525078
2124405075
1233919170
2109203078
735281109
438602906
940243475
881865276
359066170
97314002
1292277203
1603717977
1238894778
1487069175
427803406
1506692207
1228685602
1374192574
102956174
1370570378
824485877
274800807
1539085001
431425875
2044504579
1666659205
1172545309
1673661607
1484729773
200718876
1972147202
2132718609
134079675
545475171
1795424905
412698000
981918473
905459179
53643700
116304305
919208670
2072340176
1689126575
1433052102
1063739575
1693268005
251200909
1410520304
712644771
313668075
1848266201
625937576
441005709
682979274
420266573
1291468809
1331557070
1349745406
2057640204
340161606
445647502
2024701873
2137515406
970465477
476580275
1434012670
645336976
86499605
136523406
1577994908
1205239772
214650971
233946772
1764944308
1584316405
1250910907
535016279
657201071
1144737906
1769465903
123444600
1817414777
803907006
501821570
721530100
1839098276
1853842177
1312183101
1368183500
1981276276
977654303
346246974
1480867470
1719807103
205709171
1344783076
1255847906
2050013677
1447751870
748491879
699055178
1040878305
1954004079
733574270
2132469077
1179694806
138305301
342820409
1987570678
400713576
349671604
930686276
225922805
1200889201
1534763803
83411101
1290267579
363394170
848261306
1411887177
1653421974
812085974
328920506
1687602406
719738178
340553803
419051800
1958730775
2067498573
1135160276
1456882700
1833099808
1890836779
565736675
1524796706
770333677
1870655908
2008318306
1691537671
253563174
1247074776
43164775
234337175
647422802
501590275
1257231470
492087601
1433006809
37088100
1380725371
1712320279
190550570
1976580277
1470432502
1964560102
689047408
314610972
675196375
2129108377
256389906
1282744106
1652443677
1625907970
765084405
1505490101
1958432805
777548379
1221739271
583986102
116577072
437895475
738073176
1522443170
1912986506
653210303
675769676
582488006
408980079
1031784503
2056618174
846265771
546030271
789399370
1873420579
1072051306
1060704677
899491374
856111374
2027561208
609859075
830825909
169728971
627068800
618076809
2077057379
1678527174
1394822475
501469073
105945678
178874272
482318773
89868273
1082858502
573209074
1400370604
517131770
1567611073
2060222573
1507895374
2041189900
1051741075
791708004
1646813878
667613374
3361175
1164118270
1870784271
2139731079
1099716604
1621581372
1007549504
621214075
1585629205
1099116076
1903063400
708505172
2103861409
1910101900
1617638606
2008407070
1108836605
295448978
1504967175
636042470
89555107
1000697600
1897304575
687506278
901118776
1268102976
962869375
451627803
434059302
1219426473
704827770
231725206
1135222770
299565104
864871475
473926776
2089137875
1455919101
96717570
1931331305
624368671
907026606
1620797470
531504106
1686092005
857851704
2133598277
1235997902
1430031805
1241167876
1598815378
692867677
1719631576
884931001
1220023304
409314908
213167374
19866503
252765672
1376180907
1845901308
1269313477
1994602777
979685971
1661825109
1318277573
1962644603
991247208
1968699205
1642207901
10928508
180617501
948473076
1777219479
1893313172
245781202
1451104174
787086204
835561702
1375350275
761129708
1319742679
202520273
1329221702
536937871
427847605
1900305500
2041226700
354845071
2111702373
1769215002
1281348104
1347505170
1280678276
1059547705
270220078
1534571974
1955689101
1065149970
1241937976
1597141974
932726505
510757802
540649804
812015670
756702909
1913990001
736790879
668920777
1842760677
1023331272
675526803
670405200
537789877
727070206
1458931876
681737372
2046479174
751975101
272036400
202852601
1164837372
197723204
314819875
112470501
584355572
2134858708
1094626078
1087617607
542431302
2086416573
856522477
2140225504
2098483704
786171200
1186962674
798762502
2061768806
117959576
827006405
1205237404
1207467607
1956509674
1574261608
1738785477
902939806
1641768609
407590278
2128302405
189764306
576540979
662538872
1813155678
640411578
1363022006
1662894102
1388430007
1779039870
192475705
289490477
971741608
435257472
618835505
435465706
1666733907
1284815006
1134838377
639602177
1120890176
2028603177
1425872279
1733866275
281067203
179942803
1991651071
1204159677
85125873
1350103905
1623028270
720020874
1456461075
2047724300
2053032971
1122202003
1717276170
1354868371
315732809
183410700
1843264608
2001363801
1664083374
821103207
33032670
776981808
1315891408
1257551572
33245402
1332087906
675464705
716741107
1940352001
2003153305
78034179
1643510405
828339978
1185019903
1742414808
1113737579
335978904
1455907005
1702084073
1118069702
978192170
1584484872
1880674003
121556174
1914861379
1167033578
1463633901
222358075
501472605
1627745705
1419530806
231943275
1412384171
1556230472
1661483703
452795206
2112458372
1710613974
1532483770
1643403371
36001471
618085475
514723401
937024509
777664006
1644923307
1733786671
1300940009
1508298901
1374575572
1776886277
89469208
386224103
1934637373
1881024373
1435345609
650674001
1505459175
1928895279
825917072
1109216504
2105442779
299298876
446661206
1361217274
1041779772
609647406
985178308
1933325070
1386543870
2097448374
1634552007
741836779
180756877
782652474
1143544379
361130076
1460164974
541342471
1859144307
1571773900
114159775
1448232706
2055035679
1442703705
1709972901
103937806
1977451602
1745543375
317810802
1526982972
584957105
889540205
1693596071
1429013173
1801575373
1543692504
1339204303
412038407
1665235205
1439195501
265686102
208891108
1401688572
738019404
1004724009
642412702
635740872
454055205
990030005
1437168100
592362109
719807001
713842903
1822860875
719333007
1323462704
930991906
788999907
1740249801
584670470
2056289871
761242704
1921537674
1049230209
784786506
1513610901
1252609106
1183134408
1440853375
1452349205
607658706
1409565677
1569762375
337048474
393638877
1556781476
1329813474
2093945501
2045878709
1145339379
2054797406
1109544207
723867172
604599801
1018636376
594151074
1395935678
869101978
54919202
272509508
471987802
1637200679
542867471
981050601
200902002
1977117077
1384154676
1703704402
1442256679
381412770
460303608
2129369071
2076748200
1512046207
2055821073
2096899404
67393175
618819108
285407600
1577509272
924514072
536814279
1445674773
1995251603
1866855676
1743934808
1889710209
1856275601
1147826504
1085623779
1111600700
1569321673
1984487907
1165104176
628386600
2107216871
625179078
885910602
1319151201
1067178601
1567933778
1473473074
184028473
616272809
2012084274
26935873
1032453670
743868176
1558657871
61591205
588792272
535329371
992370704
224785276
985500671
1328238679
1931319904
1214840708
1445932208
772877200
793585602
41253372
2146610375
767778809
96479371
302966303
1037013808
1448258708
1117925876
1733884775
735893602
1703321976
1874621475
795672271
989620877
646613378
518220906
294271975
217124078
484115003
573583609
227624904
159556602
1236303071
613809902
61588077
406545103
939557303
1775314107
979163776
111516601
1362538702
97326377
191742102
1536173709
1400926377
1293311270
205642775
2119369270
1287967402
692598604
1882865109
703680379
1422076809
320963972
1041227870
182872807
1334973570
1273006475
1440539772
2013679407
292338276
356049909
772896903
1500261072
1249535303
359528404
2131277279
79747776
62949378
506687007
220182371
240788505
2133900478
790906972
1933154278
1642836677
139003373
2096865807
1641557375
1933751374
1799184776
437669206
1752338808
1807843803
2056286901
1714582977
1926238402
1471082103
495863801
924081104
913506573
1131595570
1775055873
217576009
400539373
1212052370
1901654301
1507281570
1495946879
1844566573
244071006
383520672
1246584804
1303449578
1196615105
712071878
1308890805
1986228671
453254676
1924636803
931442378
917675676
549164708
1124599677
372905774
1464511104
2054651301
1795496574
1598504874
138212577
200978072
1665529177
566681804
411825607
1946034174
1269058600
1323028100
1882673706
1439934275
1235322804
622356477
311796605
1054021001
2085287603
491132475
550531307
326966977
1625490205
1384645677
1437360202
1299306309
1808413674
1073875409
1482652874
1594029572
1561316771
512941106
428822078
1102355705
1149996673
1554028376
170982809
834839579
342043478
791573407
1328304778
1288831307
1623524471
889924005
260553202
529296775
1845037504
351766706
1756342578
1931491975
170010678
675969073
791105103
1326816702
1160862806
1873780103
2040755778
1713456079
1150033870
574049178
120822076
1180553407
2047365704
1871858376
538241578
931667376
489999907
1378828876
710128379
1796402708
372522701
846282104
1277758071
787293507
507477579
4641471
253114976
434035773
1315909571
18205102
1530098308
1670136100
1142143170
1737807373
1170937304
790011408
1162072374
2024168177
1643596706
2003254800
1493350802
769152506
1069602804
1646288508
1111637607
1445546172
1349868104
2115119608
2019514175
1446067971
862452205
1042941304
988638271
514032073
2036540507
1178729674
1745769801
1020680206
1071665778
133111005
1723792478
1792495675
41871300
2120588402
418197905
1345769379
1448035700
765997501
169178705
897475908
833658303
421838304
859029909
1473793579
831889679
69790370
1053922673
1116755309
277516177
1528863009
457188308
1143076373
401188407
1539249407
1200446375
1395481477
1137752404
1868168901
1446690677
470209609
75766501
524172805
109384800
1247925671
851563204
1828948075
461532604
859230074
911581276
495061802
597633572
1133167907
946600670
2004114905
471964676
937174770
1662376402
547804370
1227830978
1051805705
755003204
484830600
1160887670
1717821801
689670101
1175600808
1172583903
1744968700
2116874500
861133903
757713308
1286254804
976185400
1786401403
1880921470
356223971
916419172
439211773
401766104
582474508
2058874201
490598678
980656879
651399175
1158332779
1886518402
852189376
1946381701
2105389970
205655270
63209471
89310475
1441651674
150988774
1758975777
563756578
1402161308
411203870
647601408
2004267570
251758608
1479803503
159987609
1592138475
1286506079
1149636203
1437468206
849980105
1822053807
1987966979
1025246971
1115513707
481145902
932098972
1680032971
823330871
1955546672
1932870708
1784306804
1776837306
438406373
1452780701
1988672877
364561800
1536298873
2050377
281087201
833785072
1674077774
2028725272
802561802
1998755674
1047795179
1153700573
49894209
13220875
191716105
907760206
1866000872
804521402
925109404
1507346403
942479904
1693116973
1421576376
1370771677
2057380205
1955783177
852694674
1160827708
689953276
976392101
253623775
158301302
1854995201
1663692277
1019766907
213193577
1099282775
311637370
149154078
1107267209
1102827309
209063877
1146591077
1683304205
1801598871
502042804
835572771
400525504
1837450507
817138279
503795900
853642100
1306081778
1512556105
2006912578
1335920401
1947282509
1214499976
1701771272
749833300
811025672
718727305
1456089172
676433977
2074401207
1458406208
478388908
804325508
202558676
445289001
1329738803
1276212100
1026500704
1409754377
60083805
1943117776
1196802479
1530631805
1448889707
1618570502
443571703
525916808
498465372
280642500
271701403
1684879073
1817847077
1422107677
524509803
1458394574
1726919779
2078092608
2061444208
770554707
1089458077
14466471
494141772
238390373
1067632002
235388972
2078053574
1086963178
1121512407
1766845402
2083335970
2127278877
910307177
1100700108
1609464008
1348241878
1606582708
422015907
39050475
1638497377
1373703106
711301273
1534605904
1131594406
486976974
2017547578
1071349206
1611522706
637644175
862671070
1285924401
301385603
1452845975
1699815009
930511472
1836727602
1630184400
298465100
1646657871
453761408
1428238409
7748200
1028605079
1719980602
727228670
12519908
2126579601
1288462701
567630076
1697098977
1076632100
848228301
973450475
1998329272
1078888877
439766978
2027731370
1124362178
671378778
595467009
216788772
2014705576
33866976
475844602
1902336802
1561474407
1257845107
1419523979
876107706
1801727901
1843348409
593950902
924283472
1810818500
980966807
1512702308
979418008
834658671
502153007
742043706
874704902
148516972
1772764477
752601302
491919671
1664591102
238258703
556501707
974580178
413695708
197371176
786282008
1399483076
692364876
1085807205
892151409
199871607
397512879
345435178
772334879
1158759379
1970108709
1068926702
1396228002
1142908908
825617802
652097373
1490632977
859997270
402889704
1355702571
1603774776
141702679
780978071
1931659506
7045178
1624537102
374183904
1392438475
1649409508
1615536979
550979771
128183379
580465073
529482879
602256973
1995939004
1117623105
959834978
375259973
1330674674
1261285070
1263354404
341411404
946620775
183054908
1967274605
1849274177
995434272
1370829373
1490058809
237000803
1865901406
1666598176
1728479571
1841454579
777843106
528104402
7627076
90291905
208966807
1899765778
402124875
534475705
1232248170
826968503
1019199874
1900555070
371107371
1170594005
1924532909
73349602
71243473
1831551371
1403502274
316146076
1847489074
2060946405
383144478
1619465401
443745900
1499853379
392586176
1248987205
903783777
298289575
1343817976
1600385502
827670905
2107776705
1713539777
300506179
1372666408
1343128509
1793016201
691589873
487253905
600106800
885903677
2133159400
576049205
226416904
671441802
1661698379
785539808
47130174
1024263775
1210138000
214697578
1862167504
619558903
46907870
1160665971
285525479
656764703
1082407801
797176007
1651233301
1067618900
561847101
424091706
1944445706
70347172
1443561478
2113330276
343181075
932705209
1266537879
661136970
1817612002
1652156304
789513978
1317971874
1307787606
1950117375
659207603
2022700279
1844584508
55947770
852872072
694367405
1395566607
1304328300
40689500
1145659500
648847801
612772004
1010098771
111102976
464173077
178481872
236133871
1655255109
379134607
1362029071
2133224978
813020179
2109526970
738809471
1860444309
96945008
573653971
2119721472
1753616573
1281653405
1300238176
1595351279
422628204
1171947205
1776684605
1462642772
375206877
1292837809
1048832205
424241004
1280110400
1417562575
705859506
172865774
991289279
1876954909
1154732904
1126018006
367289509
802469873
1991454475
1335555972
1248201271
577005406
130388505
1541504408
1882442002
339225402
1365031503
1954173377
292527971
1903124505
1784472176
1351079
1864104307
1557724175
63723204
1596851206
605022502
984324370
864887100
2050259573
754165106
1054934900
223512300
230995870
955416109
1242868678
880612473
2093927504
1688347579
750425408
1889163902
1125637371
934911907
448160605
297955974
1390694000
853264208
112509772
927051679
434301776
2113759803
1125830605
572978005
303107178
956878602
146617279
354538276
236915471
1204183406
1267651577
1918645305
928341676
326575473
1018377909
1078090502
1153443601
1043511478
2110437976
1076544576
409826108
980421377
873289000
1177852872
1483275474
1995696677
1002335801
781029672
306279103
830897305
1579624373
938059008
471394206
1365953109
500758675
48588300
1891541001
1718300307
1337981878
1450898300
55116775
1016277772
1821000372
1792607703
1046048907
411194309
480158379
1612994479
197936008
1607751479
2130223378
1357055971
1185410479
799168771
215391670
337753673
2097241801
475946602
2018430775
800178307
729626309
364800974
1030665770
1557591074
1659973207
1222105977
189981772
223217606
192697505
2018960174
1928812173
1365433305
70403408
343546473
514529979
1735458206
982276672
873244306
1421147376
1656952575
343475873
934401075
1571892808
1991320904
1405898601
577646170
303717572
944058378
1179079771
1168177404
1276425679
1694532907
1435454306
1497148508
721946778
89088173
214655302
810558300
1101215908
274872075
201146074
2035283402
1885087175
1596123801
2066481970
552623773
547748374
661134877
1907631676
1550469778
872075571
1142993902
635723806
1684142476
754779570
1503690670
921665572
498744277
329732306
1589994606
2001697171
417341406
1760715872
1911311371
1847538775
991138408
1441341600
2007199778
1709412008
21503904
180064775
1632468007
839829278
283819504
175056900
1249368500
723063201
1249301705
339655304
355210301
1563389373
177023805
1316999306
1578688507
1298436576
2084317302
372860601
1522787809
531809007
626241403
981622107
593748270
197747603
1017565977
1856317503
1847365479
2128675804
1714179574
1550287478
627994672
968881104
1794453874
2139055208
621282479
920324901
933557377
165429709
1831455806
942321602
266478205
1206088978
1374687504
1496234876
685488578
547458408
1514309106
1856477001
2055006309
408477702
868569470
744196400
10244672
1795370478
912106408
1206210302
1408258407
1594392374
1631639276
1129629478
827095877
1038643407
1149015103
675400377
1538715900
1408129472
1258888305
536418307
1037392609
1674182907
1928416578
392748208
2048984105
460356277
5265907
838149705
857755074
1053084072
893691071
964436379
1171615100
1750014777
945421807
784996002
435033804
1653968609
1556759701
323143670
1968439470
1071755673
1513900101
1075336807
1720074609
65862476
1904754809
1932764573
864748779
2147406306
15341402
611285002
1225355706
385424402
2010444079
2135556103
299589007
1034620000
1081765004
767578974
516243073
237715577
1569391277
1818865007
1395480601
1438279570
1124163072
231662401
2100705007
741079603
1108289773
740430275
1952272000
844202506
311526976
639241003
1487207279
1171985104
1541618605
1958774873
684297475
2023411678
11924600
1931768608
938897205
1987090970
2133775202
654051170
1287314202
119318875
1038169273
814778509
973283900
1132696402
2020529279
258631777
29625402
976672173
1414818174
1905287507
1108309072
1979425707
388677406
795589403
735760574
1322799900
1619131670
257477078
1836524402
1095080279
144225100
1109472174
288943402
1028236972
1623139971
264923878
1541462574
372194409
399048276
1663720306
1549935808
759112175
41301479
1785145679
162955271
2116964375
28815408
1588022174
30528170
866544207
687768477
1275071204
1013877871
498884602
1780642103
1757783972
117707309
670763102
303525070
223869070
1117182773
603056472
912536003
85810401
1880582077
239328909
1384688101
1239418773
468437073
2042303103
130569070
541551374
1986083403
1689873108
737794502
572892175
1305516601
1852191901
1517302171
2088272001
575761079
836518874
1743780306
293459479
1481088609
467247409
1391559209
1050581578
2051302575
986721077
1853445274
1377026375
1299714401
1537727075
1436310404
3283503
1859230205
1622942806
312241605
920996709
393389507
419692900
760667306
1262193301
1364431203
53359576
554176708
360625472
800209907
1604564378
713837808
1589456500
711258707
1803368573
71953770
394844604
1158700279
391351502
277325406
1482737705
2113860605
469985979
2086980008
1621482902
256757277
190015000
1548096804
1018732074
1317206178
571852702
629396100
1334846177
1112521305
1807701773
56344408
1012173901
1059906677
643181303
1304843178
763691302
141183472
111804801
162165272
950303904
1243819209
2022052778
267795677
850449806
361109975
1091662279
688985574
668759100
1296824170
1045660404
1050670700
759716902
1784340103
1110967376
1245196308
373394577
744250174
113649203
1909883309
1071444605
1209872604
1412736170
734246179
994101803
1529916702
1843450308
1818025273
1848769178
1770690373
128320406
1883173074
1485048308
40980800
531133105
352473006
1433500209
1843402302
488245308
2045255170
924659303
1565465207
324095774
808365607
728463600
1226755907
1933300809
52316576
930578371
1093926708
1010604602
1499189502
67488502
1729614570
173318905
669390000
1710155275
1498752578
621800079
530592770
1683128671
473349507
2083870176
274355004
1460615308
666288804
1548240877
1440000
663950606
941764573
2093032979
352947405
400724375
1936043878
1723976609
1862075305
14114605
1572322508
952748872
1387010571
1395233006
563123201
1307709774
78771775
101417300
860002902
393076073
1502358907
2076281671
331930109
1462149975
1411908973
166929972
1948927203
337864203
1303434603
1886845308
991137370
2018506277
448190870
1863404477
335061973
547564870
1578663174
1095585074
764816971
785610101
1689725303
216104302
1176551605
196316800
924319675
1120094900
1871880075
893285477
1406976209
1364013676
1947833974
710009407
1977029170
370340079
2032135304
1117599173
1962325506
1175212705
162247601
1035040504
2127991474
1481635979
1990175073
711629876
714893874
934623103
1740597879
2113010600
2049380602
560352273
1854831174
2007720478
513746308
810421809
1037014202
961529176
387923602
407880876
1815723672
1798293570
407054409
2095366307
1552863870
781891203
1491912607
1994160874
1757063700
156344877
129140575
387326403
783276902
1656941171
883627401
971010474
940999006
2023127503
297029879
1448999872
1920203305
1158087603
1574127406
1331180602
2032496074
766346900
1829397402
342979879
670068778
1414335973
836330301
1927746409
1201385907
537986470
972872708
1305633173
819703105
1016493804
146320077
1261286605
1793693902
917745108
1629013375
1714248509
899074501
1155758278
798550275
374879408
717785272
1573714108
640392102
1546418706
815263775
1420844476
1249507378
1770184105
492388707
508691609
973787775
1057218806
2031319500
1808884402
1361519304
1307049305
1430218178
1366440508
388486109
1627252105
1761445575
1063268703
1992924801
241899504
65479273
1966773476
1151952675
521910373
511174604
965231978
405492879
757427201
458019307
1624540002
1040449809
1162302403
705280600
1930374979
1431498578
245464874
1816873972
1339640974
254667105
84809070
773854773
1917680701
2000369879
1503834501
136251000
1084947608
38974773
600281903
547464509
253271401
916938905
698261801
572070570
183606071
1811196700
1960902301
