17007376
132987024
927689764
1449553329
79121025
18352656
236421376
346183236
679436356
393506569
120409
4981824
519156225
786858601
1872119824
34000561
14768649
20367169
1215428769
96275344
61246276
1824998400
540934564
302099161
788654889
1172889
1206728644
1484252676
156125025
465912225
1898519184
691953025
1696616100
820822500
57896881
1398386025
147792649
1180815769
43665664
256224049
5669161
38477209
1398236449
122279364
391876
8555625
982383649
70174129
204404209
69989956
1879135801
37711881
1726236304
17867529
557809924
1425636
194825764
503284356
510082225
1743981121
754106521
627252025
1729977649
38118276
1740141225
849897409
61449921
966650281
188595289
37088100
5373124
1725654681
467208225
224850025
1437168100
121749156
1641951441
860894281
849431025
576528121
1477326096
1670929129
1445140225
395413225
21307456
201299344
68674369
503060041
1440000
117332224

