mode 	 time [µs] 	 thread_num 	 single_thread_time [µs]
block	 29900	 1	29589	
block	 30475	 2	30126	30313	
block	 63431	 4	63331	62026	63340	63116	
block	 72470	 8	63413	65701	49015	64607	65446	64782	71899	65134	
block	 129962	 16	112797	105286	129048	65707	119966	107605	95671	122112	123842	65451	104494	129107	113136	118319	128658	95587	
block	 255051	 32	249225	221240	219840	239804	214294	238641	242525	240354	193544	229751	237116	221412	195043	245144	219313	205870	225476	239356	178363	205276	200090	161281	247731	246710	246528	182719	197633	215587	184530	221371	213932	188793	
block	 511718	 64	373152	453752	447308	443682	437915	379278	408289	436337	448760	373552	435192	448579	383230	408492	424648	373461	444784	441802	447727	450329	420516	408356	429606	461240	379784	450912	422473	421934	348309	396256	375879	415633	396935	419909	419652	297135	377582	326729	298865	295609	286904	291407	308816	317276	363613	295605	345394	347359	356232	231485	319337	346684	332213	315486	187076	90147	179822	172195	154736	127390	140478	166481	167188	157769	
block	 1006376	 128	469303	588540	476869	450808	482918	435734	392386	479371	480195	537882	387245	422975	617947	610966	427366	620528	513370	525492	474335	348491	398942	528317	555332	631678	417181	420242	420015	540871	352711	376252	342775	357899	511198	386370	417953	412467	723858	319858	482843	578335	390296	463660	478955	342860	310962	307094	527981	324686	726076	445276	376378	467493	456709	419784	814884	710270	435868	748365	440158	376704	555707	667489	278326	598621	609930	651248	558536	607840	615708	562022	530339	618679	161597	643186	628331	586685	604790	617717	619978	614331	606811	594587	449214	603240	562024	585009	649659	603281	596567	634958	596759	334333	570281	312783	601460	674306	641433	660385	629943	637401	637824	626390	628398	621404	609092	611575	544577	610075	602035	545161	568078	591798	601246	614296	606658	603475	600153	594576	560587	587614	551659	528835	496890	553826	558581	578978	568401	575769	
block	 1987589	 256	607417	336541	745058	779446	367661	697658	610456	654388	541757	377486	373607	852981	593860	769185	514968	455943	597942	452138	668094	622996	378499	350025	426886	527885	966987	463448	382353	496269	486475	587894	737480	299235	324154	777948	326360	635674	1055917	507785	237490	679608	300620	1273042	1230017	1417171	983696	1570422	1553602	1736075	1501450	205884	1151658	1468928	1591772	1545616	1431091	1683361	1712766	1007173	1465091	1460520	1489058	1449761	1549465	1473736	1202587	1207324	1304645	1455409	1511272	1522403	1634880	1401306	1531273	1564086	1582461	1016760	307259	1150438	1134472	775606	1499597	1586083	1346669	890880	1329883	1418011	1604983	1480270	1614793	1466888	1311790	1463991	1437268	1485666	1583689	1431262	1386361	1396514	1491780	1401756	1436138	1485121	1197551	1591753	1135745	1548346	994392	1449042	1539656	1283475	1596119	1358334	1518444	1541218	1399136	1498201	1533719	1477454	1384491	1433991	1066174	1439505	1441294	1507241	1045718	1498493	551416	1320421	1311069	1532180	1405130	1432849	1420194	1522266	1306718	1417081	1448820	1358505	1591932	1383275	1577713	1589259	1100651	1144657	1334688	1430599	1441148	1485429	538506	1473785	1352364	964533	1027336	1458056	1593269	1543434	1492470	1209190	1467167	1577270	1584536	1409547	343596	1467422	1194457	1440772	1568480	1371054	1476090	1379395	1557129	1439345	950402	1287936	921391	337909	877590	1001295	374106	974112	1097847	1064558	749693	280780	1107604	845874	788298	976083	550989	741520	764752	738351	497525	253852	594910	360784	815267	266729	552654	1221189	1113450	1342728	1069005	1241631	1586901	1018574	1236085	1058504	358152	1435282	229175	140954	1125270	1524467	1039847	1428368	1585958	1183662	1140903	1180866	1586155	1013373	850390	1109626	1256783	515575	1514746	1562029	1431240	1553006	1545826	1533834	368602	1397614	1531625	462583	1155982	1538679	1399632	1432815	1325992	1405794	1278636	1451279	1547069	1454825	1343078	1329811	1582702	1389404	1568015	1384646	1052755	1536801	1544385	1017865	
block	 3971337	 512	2172301	365965	458790	700111	703774	1268803	1267518	1403083	477870	594984	294076	383923	1456928	1357451	2333139	1107392	598959	395002	1483061	1427474	438938	1208999	272026	582510	356007	894713	1147978	379758	371735	1446457	963594	1684685	342854	246938	1119521	1210897	831050	285188	1067251	1717621	806735	1182336	1223572	491145	3153039	3263611	755981	2981013	374834	3145992	2495075	3120754	394961	3648157	3108621	3337345	3630070	3308500	3532995	3044104	3658183	3665776	3021027	2190753	3547654	3590884	2859702	3483013	3590170	3641951	3376257	1424569	2679855	2791688	3089446	3631919	3013921	2987826	3671231	2490754	3026334	3600450	3567854	2927072	3342878	3496081	3618829	3575619	3589948	2109750	2741816	3404452	3288980	1788694	3308010	3584066	3388083	2151123	3528673	2230615	3595288	2899338	1996438	2963832	3491898	3552507	1635073	3416234	3236012	3329244	2743422	3175148	3402626	2180652	3323504	3381834	3594763	2634347	3543312	3599255	3395975	3274695	3527893	3451376	3465613	3417929	3300673	1843536	3369019	3487180	3451081	3133364	2323198	3490200	3295539	2924093	3409802	1820954	3531730	2697178	3535186	2322953	3459924	2363380	1923561	3528416	3246029	3309855	3464959	2058218	2980407	3150134	2912865	3603925	3465025	3596823	1943123	1508513	3535711	3253990	3403102	3200584	2143625	3275821	3320786	3151872	2165449	3161272	3265201	1564272	3533906	3512218	2790455	3306836	3521776	3170654	3525698	1319475	3583520	3484742	2282857	3251052	2596953	3117319	3308237	3309230	991507	3023147	3390707	1841449	3611826	1854458	1963353	1881364	3118660	3538895	3325822	3292973	3453654	3073505	3586338	3556581	3565528	3540791	3529534	3507157	3546748	3296077	3380406	3277220	2994235	3488712	3386756	1855222	3482040	2473201	3209172	2315612	2324503	3420433	3223371	2773616	423100	3297194	2667983	3444343	3452573	3458793	2416775	1867751	2796792	3420785	2867623	1913987	2631217	260533	3521147	2826619	2286826	3321656	3398759	2997075	3356023	3152396	2365136	2735737	3392277	3498447	2869853	2798950	1618869	89369	2773305	3379803	3161482	2211298	188053	1912890	165851	287068	939656	1568867	2236847	3172687	2773408	1408016	2060397	2418895	1865717	3423598	3589193	3312336	2873671	3354554	1608159	2397186	1973698	3248101	3172823	1622988	3019806	3108022	3559325	2588848	2918896	2038186	2574860	3184762	3268642	2066418	1704751	2619538	3268590	2604790	3027923	1376618	3593975	3627433	3640635	1985691	3626272	3489402	3373682	3219861	3164491	1922680	2919178	1780551	3098502	2123198	3096526	3246193	1180134	3276851	3241402	3326592	3013113	2194177	3351307	1527324	3270963	3372681	3580605	3477394	3345258	3256667	268563	2412759	3593484	3592010	759354	3416414	2460566	3011273	2327252	2102642	1962538	3317514	3429881	2709864	3480409	1900710	348979	2361165	3209675	3513843	3371659	3525209	3481576	1878126	3205084	3285811	3324739	3442997	3328679	3467579	3254037	2785629	3493251	3380907	2898820	3413907	3472737	3478326	3408636	3231907	3299839	3191383	3331355	3408264	3563094	3338966	3486596	3478688	3273804	3449409	3464446	3375209	3160395	3418414	3231651	3119809	3385398	3397239	3449349	3243371	3323209	3208865	2960251	3255035	3327241	2555695	1284488	1468079	1736884	2070979	2791525	2135410	2985788	2909727	3206500	3310525	3381850	2741663	3345721	3337193	2380947	3351400	3386876	2811998	3327211	3377279	3300239	3247587	3279087	3193041	3379905	3385700	3124908	3390851	1357337	2686043	2473663	2499065	2617751	1520488	2918687	3093996	1584130	2936900	2913098	3394031	2866503	3402866	3391971	3017324	3297221	3401637	3129238	2955977	3399254	3340840	3413686	2663465	3096503	2567880	2725567	2117013	2399227	2297365	2972673	1761251	2494244	3172647	2382694	3237897	3116273	2516748	3166251	3327190	2989855	3013665	1143072	2443338	3138689	2786355	1802653	2376620	2930913	3185679	2086733	3274135	3132452	1187594	63262	3232388	2422056	3110651	3242981	3091826	2250872	3012657	3106712	2722895	3021198	2170534	3306752	3161411	2731919	3309628	3430390	3159218	3073888	3234108	3248194	3302490	3439950	3203588	2478612	2863399	2935877	2796247	3181437	3350017	3121466	3290439	3385794	2844835	2870469	3487295	1618552	2429764	
block	 7936492	 1024	920458	852948	1116879	387173	1083406	801309	3064730	840573	730530	2539987	965781	2413518	2180236	357800	394726	386940	1136844	372369	1724582	854638	1294807	2740494	1413435	2599746	388164	1416807	919665	1022142	2227998	2297944	3226832	2052808	2478434	1301533	1124163	1929142	3025986	315408	1123537	1277532	1263224	1165735	2543764	295484	1269520	2212797	284877	3775867	1482957	1281225	1330470	4211216	195313	2880454	1725159	3674539	4553028	3365957	6844587	5602544	2968348	6140584	7241964	4057840	7058720	7353765	6740463	5881032	7346404	6986588	6355237	6791482	6304944	4098203	7031729	6803472	7067261	7108308	7284139	6538157	6865867	5107135	7229178	7175895	3581888	4879313	6257061	6501824	7469453	5865517	7296333	6316668	6927648	5043668	6916077	7410857	6794529	6763478	7354046	7389101	6686186	2965428	6883791	6170949	4277287	4028015	5363985	5388081	3059133	4384963	6082962	5570340	5836658	7079173	7457123	7419658	5975989	7015825	7439691	6812503	7178673	7501032	6848254	6592393	4110271	5582302	7449767	7348577	7469643	6785421	7420642	7298246	7349954	4778546	7008408	7513862	7270617	7306899	7508392	7495775	6493600	6939693	6180527	7214160	7348313	7398655	7436558	7312869	7443835	6683952	7422918	7427309	2408812	7424044	6703251	6951229	7041019	7208736	7107048	7191939	5924635	7403411	7286975	6872716	7510792	5602396	5131360	4960903	7414715	5809439	1662067	6268933	7373622	1720284	6345469	4530566	1853390	6775614	6586200	7086817	4680503	2282001	7276892	5941041	6964647	5647129	2310250	7137199	7394654	7319278	4558160	7201184	6451976	6812285	5953944	7432935	6486843	7222075	7459526	6549578	7333685	7344741	2803844	5308793	7338824	7321577	7391816	7223641	7294897	7454463	3329319	5921495	6193594	4572513	6678417	4736470	7069470	6108468	7493347	6525709	7005076	7239467	7475471	6944941	2369785	7479109	6530369	6685312	7068720	7190820	4568912	6558625	6675933	6591308	7452643	6366754	7477133	7189791	5904723	7461493	7163687	6179227	5501036	7435887	7387772	7307568	7306793	7390077	6471497	7307678	6783085	7057022	7157446	7015854	7198466	7191473	7022142	6868796	2977378	7197866	4640522	6806073	4953221	7357242	7187012	5780154	7378988	2204466	6820655	7039067	7292115	6569760	7276893	3665814	7041084	7369197	6908526	7474540	7466196	7242107	6973967	6843982	6359446	6941863	6748821	6873894	3253959	7165374	7066146	4500469	3901338	7271873	7284819	7338782	5488021	7000335	7216382	6543812	4826837	7412253	6632010	6871470	5732802	6831782	7433892	4042333	7472895	7453359	6504744	5940379	6444279	6485949	7332243	7063913	7397295	7331400	6754033	7409678	6833921	2264499	7206048	6978204	2073169	7408154	6825392	6757861	7136161	4646095	4024004	5181876	6094304	5182681	7247119	2171815	7420021	7455815	5013314	6232577	1739315	2131559	2430451	1131114	7406105	3563508	2879079	5556455	7341333	1245415	7353600	5801318	5145148	6957840	5769818	6500377	6340129	7227057	6753473	5229196	1691552	5306197	7154815	5488249	4594385	5531338	5011265	6397989	3841237	6512786	6044052	3411036	6632575	6528599	6087263	6972136	6353333	6976794	5943991	5817470	5780907	6892554	6681406	6657330	5848954	6329535	5484562	6690103	7476664	7128704	6627740	6810736	5820037	4704926	2026330	4581046	6707988	6665367	6381811	5895005	7078524	7310898	7472245	7354974	4569868	7437907	7467902	6788903	6802420	6488232	5107827	7080660	6071438	6321907	6076291	6393601	6045308	6192326	6966602	6168915	7441985	5062195	7320241	7140526	4945311	5432746	7381357	7431606	6824371	7014928	7366569	6682583	6417922	6775154	6769235	7339643	2896412	7406812	4666188	7360067	6474434	7060112	6995461	7143984	7150284	7051203	7414161	6742491	6834112	7346150	7303824	7370479	4435070	6729043	6492248	6999159	6678114	6641696	7423319	7407911	7291515	7182757	7223813	7214342	7074416	7006334	7243429	7037854	6972755	7145207	7271231	6023053	7213365	7238721	7168492	7099456	7260302	6402331	7052437	7268154	6973683	7251207	6199146	7370256	7324268	6818332	2489892	6142251	5687170	7263473	5797762	5797764	4402654	4137538	7089099	4783597	4370346	4527753	3637466	622301	5279588	2110407	5611759	7271345	7156369	6677311	6694631	7149678	5422448	1856179	7099572	3982151	4638785	5165534	5843594	3634148	4442212	3461953	7162614	7094400	6001542	5064342	5070751	6935200	7299833	5923539	7029324	7285623	7158674	7163943	5247228	6661609	6111274	499690	3790303	6050292	7147900	7295431	7090553	7033129	7222772	7246563	7189865	4544600	6048297	6962718	6642780	6315346	6641430	1818387	7284352	3677793	5334216	4516219	7345622	7134382	6587140	6012114	4683626	6477579	5877432	6555249	7320047	6469487	6942695	6112693	7404981	7284664	3287345	4876799	7106669	2638066	6801253	7267071	1159571	7055440	3934665	6547259	7305876	6402291	6438640	5131554	4496663	4758487	5845277	7122397	6865564	7168527	7139928	7169393	6726752	4924867	5156605	6760762	6907229	7150508	4671966	7246824	6453032	6985678	7298702	7422982	5906665	7241330	2246176	7201585	7045050	2472320	6661075	4600846	7209245	4839191	4805538	6701107	6794077	6666883	7280070	6840718	7141320	4651946	4274801	2319861	6267009	6945908	2107213	6680446	4894114	5577918	7066534	5007177	5938813	4897879	1706197	1023123	3683045	3936393	3399076	4637683	506058	4559146	5691043	1910356	2118213	4868101	5774057	3971319	7090332	7203313	7141904	6219296	5813293	6974849	5398489	6906640	7107159	7114102	7280285	7324418	7305785	7333402	7210006	7241383	7199686	7059948	6744499	6279080	6437502	6312851	7397967	7387768	6788640	7382931	6526420	7433698	5963842	6418446	7239149	7110275	7151734	6601643	6062107	7036560	6780708	6929155	5444549	4930071	7084131	2238458	7311271	2303926	6838872	6901137	7460771	7429727	6768921	7414484	7155456	6154943	7241582	3010044	7093327	5975863	6182785	7279872	7257999	7331913	7411145	7362847	6832632	6720828	7026192	7229829	7185975	7220458	6981120	6692302	7244938	7208066	5595696	7046086	7047878	6298165	6844539	7087331	3032944	6167265	3805141	6527428	5362602	2386141	6389119	4610373	6007056	5869843	7151383	6394431	5180989	5834691	6530252	4982442	6915764	6848163	1157205	2065658	6257878	917788	6829111	6583211	3252740	5816435	6970795	7071201	6800306	6549923	7128840	7022588	7089947	6863655	7135227	7034394	6309036	6575218	6723334	7072043	6943183	6975425	6712701	7043943	6845268	7100315	4779809	7073683	6111271	7225616	7228148	7137001	7058045	6261672	7091251	5926999	6714726	7011003	2771751	5678652	5566123	6519894	3877032	6733987	6302521	5973823	5393404	5140696	5899915	5633402	5912773	6416072	6989454	6207820	5991749	5617670	3961017	5104007	3615509	4022721	7138282	5324311	5914946	6746048	6678559	6222263	1233000	7093600	4218276	7009682	4923264	6415398	6244524	2081563	5791516	7186992	6544968	7108736	4016402	6695474	6718062	4533687	5986540	4256423	5509194	4658145	7196981	6620057	6903312	7205895	6894466	6867785	6333058	7176869	7310050	3917163	3791777	7055791	7290744	3545655	6397777	5832943	7228257	7263031	7046501	4024781	5022606	6802996	7164575	7198269	6765626	4195401	7192101	7131244	7190844	6804680	7242289	6839760	7124935	6892989	6326663	7060911	7122778	6278627	4991369	6960714	7174174	6910098	3495228	6243140	6468924	6088040	7015298	6796057	6902401	7009911	6302508	5195922	5155254	6704772	6685639	6798728	6162930	6995519	6702562	6902367	6984351	6896630	6452299	5883216	6854983	7004438	6669016	6665615	6899621	6807648	7005841	6094961	3419091	6872277	4476095	7237131	6757609	6838913	6206621	6682760	5775627	2783229	6958930	3167186	6840732	6562562	7079459	7065628	6879718	7192468	6231108	6747620	4851431	7017380	7101743	7019631	6265240	5989630	7127731	7149033	5618530	7156234	4343232	5442318	7211751	3897671	7000839	7122928	7034802	3268828	6988015	6597497	6888397	6597294	7028416	7023905	6750811	7151294	7034552	6173067	6732749	7084535	6979467	7081559	5977464	4757147	6940342	5451866	6891029	7005868	6902117	6487795	7080614	6565761	6842023	7063676	6607909	6126031	7124047	3434239	5714420	7015605	7114784	6595253	6784087	6552493	6678806	4519267	3332510	6490915	7067936	3846889	6901829	3729467	5958402	6819009	6962597	5696160	4090444	6733275	2824492	7017927	6943865	6913164	6495804	6177902	6946467	6710656	6727499	6470938	6881048	4778777	6367915	2255909	3989303	5969223	6788197	6457219	3888520	6546614	6549799	4176937	2149780	6563282	6460810	4116306	6861633	4222707	6850152	6885808	5795919	6187838	6293757	6815861	6733216	5498185	
block	 16455421	 2048	765609	530210	541850	2930620	2197568	342475	549220	1774300	2759653	894505	1756187	1850675	760312	3810121	1168390	362263	758954	835640	4061896	394005	2834876	379307	1366903	2183650	905248	1992067	1786777	1153298	1778610	3110168	1904673	774108	1804437	1338252	2969287	4736928	3488956	705157	1162046	3486666	887900	1068077	298880	316791	4401295	3310823	1692888	4981437	405142	4486256	8428893	986751	3948047	1618190	11246415	10327143	12776886	13290130	208906	155214	6484143	7108884	5225554	2474048	10594446	4409104	8035606	14662743	14842754	15473331	13725991	15497773	9737293	10973047	7703262	12596522	12457414	13133729	13968640	15521226	15155842	15031062	14379296	13800705	12458640	11604478	10245316	13718165	4312070	6107899	12418173	11790086	15290668	13070255	14151960	13656049	13969887	15269005	9686228	12766358	6331105	14890464	11649584	12253968	10744711	14720342	13950040	15297210	15447730	9092205	6449531	13049311	8626846	15321641	15005443	14876687	10409882	12596491	15647133	13375297	11214972	13697634	15450627	13457340	15651611	14424086	15661104	13972740	15258494	15291453	10603749	12296714	15439274	15368367	15750922	15809816	11893809	15524660	12695093	9006389	10704622	15839549	12183495	12653033	13993259	11809158	7174595	8552002	15138524	13136229	14636395	12389274	6875756	15188633	13481704	15768044	14353871	3174225	10232981	6225394	14441774	15154685	14699710	7312439	14758439	14715277	14843984	15016262	14964324	8021278	8934323	11159298	14623150	12785666	14433085	6325807	13887159	12430933	13011479	6935000	13143126	15771160	11500642	11453160	13873544	14855827	10493662	13147058	14934528	14239677	12001678	14369656	6010845	10602228	14093289	12739107	11470774	14287630	10019706	12401992	15605408	15132437	14140412	15175765	14618100	14487721	15709964	9718424	5674786	14341026	14993927	10175029	11017648	15279005	3913950	14871137	11953446	1236927	2312547	13868632	11969248	10757685	9687200	11460842	14067307	14687830	14965582	10740634	12848089	13130561	4688552	12796169	14310045	4686115	14379531	8170182	14475062	6694970	11687320	4659702	9811863	13951071	13224678	12262377	15109756	11670933	4686470	8699013	15089539	13650327	10632887	11847051	570267	13128120	11187430	12759114	10950814	14583083	526363	10183444	14255910	11596246	13615443	15283712	14338503	9280338	7592298	13706727	14878103	12725707	11496302	15338678	13727291	8246162	14852460	4710606	12055218	13904455	10963549	12481758	6537688	15410096	11094393	14660554	14582142	13438491	11594187	12123247	14930518	5998635	13305699	7924684	14317622	12491326	13877784	12577579	13654246	12336967	12280636	10355950	14375964	10306918	13118478	14485864	14185368	14112626	11339010	9408127	10509240	15202914	12440622	11372348	12679906	13576520	8864719	12924846	13545146	9724855	14587615	13159371	14586624	15532663	4009875	14069536	12065632	4777497	7622351	13714443	9773250	14294636	12176706	13887010	14093399	15131076	13340676	13325726	10007952	11106281	13742721	14636050	10479546	14546763	14572751	12039501	15031513	8751450	13705695	14918099	14342214	14560421	13091823	14818650	15399925	14160468	14348705	12532553	4895162	15177293	11114316	2222454	14154024	15583296	5825776	10606369	15143667	5863431	10464689	10492623	14290980	12954122	12613642	13856376	11749613	2267484	12329213	14905434	15533101	9677874	13264201	15275469	13427928	13854148	15647859	15260659	14899942	12954061	15362480	13837886	13537200	14988326	15031925	14814829	15238808	14674195	13426002	15284763	14762493	4316557	11210595	15342970	3467946	12731811	13668179	5967776	13443078	14735784	12377210	14149650	11794020	13624605	15102553	15274898	13710293	9806408	11221134	7661154	15133443	15177763	15045392	11308252	15017061	14691559	6535892	7474200	13449258	12860770	13176912	15592471	15247949	11473981	15260956	15571595	15477949	9822755	15354544	8818074	14740409	15217848	14116087	14937900	15230080	15078313	14799372	14325235	14185131	14865372	14840936	15362400	15340019	15037756	9971117	14339995	14055556	15554106	8904931	14133361	10046925	7908404	14327621	12739273	13833747	14936590	10948306	11877945	9222162	12684621	12165985	13331987	12143274	14778352	12864299	12820601	15626064	13189307	13864925	13928698	6720331	13185837	14371359	15208574	13610914	13362706	419846	11627751	13268599	10996954	2965557	9364325	386786	13737283	10691112	3527774	5542833	14747172	13315277	13968017	12270552	14766069	12490215	7179186	12273469	12177162	13509119	12805471	12418982	6342708	11933327	3575477	7329259	11447150	12548391	15262620	10344310	15041857	15107662	13000031	8903951	14298884	9990006	13289892	15397928	9698538	14608468	13277541	15311360	13638049	13081584	14976422	15113976	15021252	14396523	12314488	13971857	14271847	11229062	13792858	14751906	8483035	11222224	10297290	10600720	13904655	14828975	13995236	10746811	8238492	14513701	14332674	14913098	15434010	15558391	11228358	13684454	15144539	12305952	14317919	13801370	12418318	11731843	14926507	6349901	11713503	14261463	14443904	13210026	13464829	10149427	14366719	13709068	9264503	15247873	5286349	12647558	13984428	15351727	15181907	9837088	13701583	14753223	14757481	13636482	9191087	11479544	13836032	13789557	590299	15098342	15300138	12578971	6226414	14808392	14614840	15314302	14527230	15063473	10943851	10715629	7063937	15298169	12681011	7498184	15011055	15015348	15001626	14888675	15333561	9962012	13589583	6099347	14284724	14053200	15161729	14278679	13910992	6709948	15656324	14417282	15469322	14235691	12244385	14857558	15456858	15077554	14986766	14306548	14721789	13415161	10852297	11910096	12617035	14950167	10706647	4905821	13469275	11518153	12711680	14394588	12104455	7092152	15411054	12259631	10669809	10627677	12461195	11507454	5195518	15025804	14218321	5997376	13502562	13147039	4431527	14255724	9610031	14652628	14844272	1300221	13478380	15191757	14628681	13147387	13289511	9342407	15043637	13533567	9660796	14970690	13610012	14982645	12292400	15466861	11370424	10928084	14951998	14794956	15457114	15079069	14910669	11657720	11806141	10530984	12213024	12681239	13564016	13294641	12894186	12973068	15028616	12966953	4417504	12321157	3359700	14495329	14737208	14946652	11471525	11485388	7838454	11472241	14544645	3025374	13627343	13693449	4709314	11174579	11463660	12525738	10565457	9928955	15049084	8818845	14777634	13961108	15090578	13645867	14389020	12370755	13893149	3867065	63694	9369170	14456547	12965568	10945648	14500707	13548027	14703973	7579748	14118292	15021360	14764246	13286583	14453681	10671024	12571946	11863493	12542947	13585037	8497331	13741583	15108473	13060568	14265842	11778301	13166360	12742223	11607609	14619383	13472986	13456494	13314674	12851572	13870286	255413	9982651	15127733	12079203	15362903	6311929	14390190	14171370	14832390	15302656	13887583	15353968	2380012	13099162	12841824	11329185	13700085	9731772	13060963	12405987	12632548	13762775	11467815	10948819	13097380	12222656	12538074	1420310	9155511	13442810	2838211	722955	3018167	11874260	9657854	12402871	11860422	7437932	15051251	5617737	14724971	15058742	8623848	12783678	4696405	13048693	11343943	11991262	13650272	12789559	8718175	13952815	14266379	12912880	11219113	14147552	2511140	5719942	12015846	13432735	15265567	8048902	12063066	14437011	4765382	4371431	13666700	15693435	10598261	8834981	14196820	11721198	12822724	12519806	7105376	13785943	14487059	3006701	14463094	2695450	13436809	12796666	12642613	10971803	14109058	10682033	13153819	15260884	13769938	15059041	11411808	13896214	14468606	14324813	14286540	12447602	9899726	3028412	14883322	14791037	15001685	5420239	13468598	13573689	9088281	13581259	14646141	15178661	13143493	14711392	14014272	15210049	15090696	14428262	10693157	11088654	12743609	11521044	13817848	14643955	13426812	8793878	15217532	14172616	15259746	10164901	13911348	11895783	12716766	14888826	10938928	10853404	11280748	12212277	12899673	14998982	13923233	14095201	10097070	14149550	14842357	14937339	13942254	15010721	13909075	9882309	8669684	13597593	3348009	12506796	12040992	12712329	14957319	5876876	13533312	14710373	5961695	14292765	12553627	13733515	13702322	10186682	14784486	13402768	11656162	12328145	10227990	12474757	12351998	13082219	11097181	14716881	14535579	14636926	12981224	12863600	15305395	15218568	9852612	4327450	13710344	11911040	14095524	9679938	5995777	9503899	13742932	15116650	13704367	11732363	10859339	13552237	11699248	8313848	13750331	3409411	13359901	14741767	14997483	3472918	8788997	14735117	3277391	2469180	13776567	12617430	13635548	10693505	15180515	13909583	4156332	15106285	9747541	11869117	14637258	9742411	13065121	8803641	6031303	14015440	14742196	12692788	14540204	14129056	15126242	9735799	14710298	14501571	15148317	12494434	9218216	14670298	15225497	11802013	14013000	14924585	12751017	3143418	12605596	14906684	11279875	9730732	9145158	14730353	14145019	8543493	13869556	15141031	14467260	12818602	10432268	13139805	14898035	13858028	15250011	13818001	12244495	13064130	13469596	5904897	14265931	14838097	13353329	14631165	12802681	15076228	15054135	14103112	14717616	15061548	13309009	13510456	9413431	13535632	13020778	13625773	14460897	14047720	14804725	14677097	13208649	10764160	13916380	11618493	14799243	7511848	14912419	13177192	14380512	14334630	11780492	8437603	13795595	8099459	3481216	13417174	13450472	14651973	14713398	14070151	12198071	14072330	13567794	14071063	6963713	4338865	13225755	12781017	13885379	13842999	8768976	10134037	12396604	13916124	13524247	4680619	10432223	13279211	921794	6319904	13472926	11791235	13580123	11791128	4758531	4212090	5797134	697867	3168303	750688	14005442	14287996	14229035	10416951	13811527	13834207	14241547	10195670	12228631	14320190	12977786	10100382	14317706	13616093	14216656	4402978	14302139	13803580	14268251	14219392	13655628	12850480	12486495	13265311	13936229	13369949	11846692	11902362	12806289	10085205	9311203	13754529	13838977	13157305	12622973	8051910	9405727	14008875	13963093	13905660	13702799	13999479	12796619	11104320	11047090	14010644	14061951	13708766	13992319	13817617	13259291	13164877	13524816	13957610	11824106	5580214	8876622	14316494	14314941	14162969	14370090	14158950	10126544	12846595	14116092	7980979	12044677	14220655	12504823	5112495	14087530	11684757	13692497	14273722	14170969	14307486	14229606	14156699	14220533	14153384	10871412	14026174	13787040	11653211	9440551	13510972	10575767	14103920	13782527	13793525	11774710	13155688	14066730	13472746	9836365	9755328	7664235	11854939	14044433	12506127	5026751	13445316	13867494	13780411	13974724	4834111	14277149	13914917	11009314	7693347	9284142	8805845	10467773	13799820	13704723	9239277	13477243	13539199	14075377	13162617	12896538	13855163	12928396	12495965	13464400	11640742	11351262	14243573	4145142	8708745	9843291	9030116	10967401	13712735	13350325	10099403	8888223	12313003	5189026	11147599	8733424	13135643	13917183	13812491	12841643	13948301	14211947	14104679	12198687	13903179	13822642	13922204	14074535	12087881	13616387	13827925	13460169	13915697	13422988	8768721	14084358	14150230	7262733	14069065	6814350	14052783	14041579	7176345	7765022	14162464	13870931	14115090	5983880	13241751	14127550	13259007	5903630	12717635	8639669	14032922	14148460	8442940	13995543	14150086	13752693	12243142	13893533	12283168	14135826	12580967	12153305	13059794	9328115	12571421	11219812	11642025	13062215	9328033	12827742	13242825	9862676	14630946	12528324	15111161	9568481	15004574	9457017	14873610	3675634	6850495	981706	14168668	13708718	5845447	14329297	14393927	14575213	12697117	13483374	14246026	14397906	13642693	8097203	871318	2484755	12871418	13256553	4774716	2637120	2393402	5743060	12263807	13973692	9880835	1798835	13105680	498131	14800257	6764048	14151121	11333122	13624650	11511835	8292311	13715294	8400610	14271494	9987027	13111939	13914949	4726785	14280949	13068457	13856453	14578089	14828943	14674783	14637949	11989685	14852533	14843285	10139305	6657131	12251704	13622140	11817751	8572330	11045399	8307972	1646345	13535082	12696388	11088278	10276847	7995591	592437	645263	13976637	8452291	1428567	14738708	13995293	13504293	3415262	14710935	13687663	11319058	7592330	14507001	5598899	14365907	12689157	14042791	13776551	14359785	11404232	13443346	11323045	14662891	14801968	5689992	14785702	11569347	11429871	14229845	11807048	14792767	14788870	12952278	14617326	13988543	5702696	14460400	14773725	14814125	4103776	13821637	13031135	14795691	12070947	9657754	1234034	3888611	13159756	12893399	12016658	14293152	11588010	14695564	14681635	14181465	4527276	13821850	13586385	13538379	12665968	12869157	13753986	11200849	13725091	6795799	12159612	14515333	14051740	12902606	10837626	14027863	12255006	13479482	13769684	14287060	12767220	4656628	8097689	9386097	920651	13662262	14413320	13623318	6559682	14028955	8046903	12908003	10452820	8861831	7167290	13164316	12015134	12301091	10852237	11527854	1911644	9165836	13439581	10068492	8087141	14521702	12767020	13785395	14295767	14616049	14687840	10729573	14580836	14683981	13182348	14201723	13975485	7357823	13251477	13782385	11723749	14584684	13097946	12406918	14371266	11834580	13926159	14516020	3507239	13043325	8802917	9361982	14130478	14341943	7377076	65827	13283090	11362054	13881554	12847631	8129685	12946608	9950256	9783601	9613480	14414824	14270842	14493078	13530542	12936907	14387946	10267463	13580069	13390948	10230323	14371296	13086575	14333747	13543817	14377157	12703671	13291714	14448237	11237449	13771972	14209521	12001462	13101298	13530161	13821072	13428521	13996241	13946520	14005142	13860910	13895016	13845196	14086173	8361932	13940239	13102706	13894922	13453474	7983016	9388791	7893986	13780426	14048749	13902467	13014952	14061413	12465254	13660972	7503441	11877536	12953172	14004920	8710422	14023703	12347956	13965380	13539230	10063276	6979718	13892716	13646703	13769971	13958438	11040702	13877611	14004894	13642538	13354345	8719515	13521218	13815739	14019555	13409386	13410250	12313363	14066970	13107942	14325853	12323000	8420111	14258583	14243652	12878981	14333071	13008170	14001752	14243722	14007434	12016169	14184391	14212166	12885036	7736786	11878005	9043726	1699642	2805487	10565687	11509114	14234628	13389880	14146873	13815894	13195427	2669477	13061053	13710538	10054449	13639010	14218866	13884927	13629081	13469279	13650919	13845966	12635970	13642155	12336370	13609168	12286871	14004777	13763385	1460244	11197767	13307497	4509711	12950607	12596675	7068715	11651195	13803835	13801617	13528776	12722960	13729797	13584182	14228934	6341754	14223269	13891299	14088692	11833964	13652176	10686564	1882366	1742498	14060329	12263766	13920600	13047802	12107675	12569383	13393484	13584761	5770575	13917380	13894925	13655877	13709541	12940643	12361095	13441310	13178531	10906810	13267561	13300836	13110470	13852770	10062671	13555196	14009318	11991924	13699510	11565259	13146152	13754002	13258241	12995175	13243942	13859101	10307153	13538495	13304739	13786215	8293245	13383486	13897074	11849353	1165506	13131195	10899526	11813041	13808341	12406816	13838028	5235024	12835665	13102290	11734052	12689940	13622896	13492614	9247983	11468025	11943689	13466474	9096414	5364346	12540366	13519651	12957420	13948767	12685267	13475542	12895892	13653555	13130399	10392805	13467496	13774520	9597208	13580962	13546043	13064240	13829991	13358973	10382344	13368634	9904822	13428634	13052771	12675517	10840188	13693542	13694252	11262793	13768796	13758715	12962604	13713604	13404343	13215560	12279766	13360906	13309792	11903968	12795811	5897695	11654299	13294737	9505370	5280845	10190575	5639264	12853323	11738807	12337270	12899212	3617799	13326237	10361310	13128612	4956931	12263129	12249511	13015459	7942699	12249234	11740841	12185163	10569350	12259057	11875701	8005728	9336782	11138323	11970029	9058741	12067183	11884605	11883151	4937518	11481244	7456893	11640352	12225458	11578314	11176662	12077352	6986635	8332730	11250836	11562022	11454655	6769766	11716103	11670417	7236165	8175181	10761241	10362112	11568304	12195090	5093277	11897258	12087996	11798342	8951172	11915502	11582548	11797849	11871530	11793652	11980569	11484415	5231352	10382322	11399798	9672854	12176982	8722623	10857508	8730229	11216238	3777060	11557074	11139405	10803262	11667141	9206277	11411938	10191209	12136632	10333810	12070454	12126352	7187433	11787328	11009328	12105151	12075361	9684893	12028107	12080337	7017571	11836280	11709890	12049679	11917181	11726355	6688713	12070444	12059451	11568826	9737041	12031800	11446149	7286918	6357170	11598850	7574234	11387932	5324698	10360495	5089017	11786258	11964575	6665141	11620775	6631853	11504647	11404435	8557097	11408166	10887185	11084828	11692748	11416477	11709142	11445270	10723947	7846565	11467700	9333815	11514225	11777877	11467108	11875690	9230140	10226975	11911907	11833963	4795951	9371661	11944250	11851769	11805836	11538234	7196014	9474194	10972985	11871401	10637925	3639779	11903108	11615722	7567066	11846334	5864840	11350279	11050477	10836710	11864201	11765077	10872437	11823517	11478153	2867192	11529973	11610260	11302767	11212209	10322998	11751281	5868880	11066767	11274008	9664653	10795776	11135456	11840105	11921078	11977797	10420216	10126447	11756718	11554862	11892714	11085825	11963763	11939049	10323350	11881572	3113822	11590209	10595900	11631974	5880935	11934298	11605913	10817305	11700662	11866473	11598812	11432636	10777620	11716647	11762107	11055712	11610357	9468790	11604541	11864195	7518872	11482775	11110881	11572535	11659883	11061382	11368335	11826827	11649753	5702148	9329172	11383017	11852768	11581264	11689225	11281697	11404978	6983085	4682667	10958561	4593239	11428662	7473159	11045069	8345651	11520112	12096895	12055260	9640581	11508372	12025661	11308908	11823633	11516442	11636418	197018	6974476	10335079	12081322	11634009	10769858	11957858	11095539	6875281	7061720	8652067	11249068	12208097	529942	2756672	11288671	4083442	11501962	8776799	11587248	8343802	3583911	11271463	6322644	11768267	11445176	4697209	11497461	8530572	11658701	7521530	11129007	10959695	11567057	10467242	11731266	11142675	11691663	11396058	11600804	11814866	11790650	11717255	5534979	11710214	11271446	6363617	11206170	11773947	11796250	11514339	
numbers	 4635	 1	4457	
numbers	 4957	 2	4623	4656	
numbers	 4856	 4	4672	4656	4611	4604	
numbers	 6927	 8	6656	6814	6595	6576	6511	6512	6462	5759	
numbers	 11063	 16	8527	8550	6837	6798	9794	6739	8460	10713	7717	6522	6387	6250	6096	7749	8950	3179	
numbers	 18028	 32	12971	11753	10952	15647	10906	10853	12560	10738	17023	10693	15273	15145	14354	11304	15665	12526	13588	14962	11225	9994	11033	14392	13027	8865	12209	9212	6897	11164	4221	10301	2721	2749	
numbers	 30187	 64	9766	6726	6713	6681	6652	6618	6562	6452	9325	6218	2811	2792	2690	2745	2723	2574	2977	2574	13581	8782	10706	8844	2961	3328	3808	3303	3248	2209	2435	3031	3268	3161	3079	3282	2914	4840	2624	2209	2850	3393	3299	3069	2910	2887	2850	3309	2914	2422	2412	3083	3309	4848	3613	3074	3229	3857	2769	3061	3227	3191	3192	10336	10051	2758	
numbers	 50599	 128	14262	14831	15114	14751	14788	14698	15240	14085	14877	14773	14274	14769	13370	13273	13797	14263	13314	13243	12318	11959	12461	11916	10886	10609	11235	11571	10763	10301	9839	9377	8780	8626	7946	6018	5778	8514	3550	3388	6325	4297	2833	3111	3046	2486	3342	2842	2777	2903	2805	2902	2656	2752	2699	2901	2807	2896	2651	2898	2891	2929	2807	2504	2977	2892	2825	2529	2980	2504	2917	3326	3301	2394	2585	3402	3401	3415	3261	3255	2082	2575	2575	3048	3003	2561	2561	3356	3396	2333	3258	3356	3297	2974	2972	2127	3046	3031	3031	2998	3401	3356	3372	3340	2521	2394	3343	2437	3235	2435	3109	3552	3534	3501	4058	4017	2442	2522	2662	2521	3405	3225	3210	2509	2509	3499	3471	3523	1794	1794	
numbers	 121748	 256	12706	15948	13666	14542	13613	12707	13572	15724	13381	14175	16654	13899	14427	14262	13503	14599	13784	13092	11727	10406	10081	9908	10645	10352	10269	10140	9735	10091	10425	9162	8373	8353	8517	8149	6905	7446	3093	2414	3329	20236	3420	3407	55542	3283	3025	6420	3071	3504	6847	3511	3202	3021	3510	4232	4066	4285	8517	3172	3333	2769	2922	4602	3105	3070	3497	3921	9240	2928	3936	16242	3924	3379	4054	3298	3172	10261	4234	12425	4399	29474	7073	46841	40119	3366	16975	15682	19186	3402	13151	3393	13517	3035	25369	19628	3218	19062	33279	29215	4524	20493	18097	30035	29788	28739	16974	13648	7093	4054	3864	4112	3332	3737	52692	4117	2968	18192	3042	2948	9918	26541	3014	49905	43337	38659	40098	3001	2955	29402	3561	27440	33246	14119	2903	23033	3812	13799	29258	3769	28479	13213	8853	30298	2869	37099	3034	36068	3659	2941	2812	42910	46632	13953	2745	3034	36954	34714	33185	38007	21554	3952	3529	10979	3977	12717	3453	29270	22192	8256	3021	3747	4711	14886	11659	4556	9165	4354	3447	3381	3360	3330	3239	4222	4344	4029	2706	3192	18793	3170	3961	3156	3858	3424	2619	25052	21429	28668	5719	29023	2854	3571	22468	19213	4935	13846	3589	3593	3608	15919	4352	3570	12092	3864	4325	3732	4256	3261	3191	2719	7443	2903	3197	15535	3513	30289	2700	8298	7043	26289	7060	3085	21255	17998	9783	16368	12841	3907	16801	3711	3793	9001	3383	3304	3249	4072	3447	3006	22051	18748	15011	11242	3668	3968	4495	4065	2966	2856	
numbers	 249807	 512	16223	14531	15206	14986	14474	16081	14341	15618	15847	15406	14910	14672	14611	15232	14392	13732	14229	13353	14994	13494	14363	13272	13665	11872	12128	11883	12118	12394	10606	9929	10320	10774	9215	9827	8050	6483	7497	6186	6251	5389	5495	3147	6511	3198	3348	3729	3692	3131	3393	3774	96345	109050	3535	105848	2784	95065	9038	39044	102035	92096	42821	23281	2941	2373	3560	58174	34289	2245	3510	45194	3237	2971	3678	3355	33627	4986	4952	3160	36264	41579	48203	57755	57891	2943	59753	9696	3356	57907	40550	3675	57421	58886	66589	29277	2550	74313	75808	3595	8124	3594	6512	68195	32804	3384	74790	82812	85688	74188	80934	97372	40508	24002	74103	72230	71710	4127	40379	2564	3151	57505	54795	52103	25487	40628	45908	47424	25403	43058	51486	3907	98144	107819	97133	3106	110833	29659	2916	3815	85984	78357	2801	54742	3838	95802	42885	82214	105610	85753	3295	74560	96832	67856	2659	2462	65810	72379	37196	67169	113161	2930	36033	52445	20242	26886	51401	50639	45338	43095	4649	2847	3178	12227	4413	3990	6279	4116	89372	12760	15611	3123	14804	13735	3624	9357	45898	72823	74268	2433	2777	78013	46214	26105	48920	5568	122865	3263	79437	18753	83980	117029	3346	73218	4080	14063	97520	90292	3698	96612	102882	58097	107801	150335	3109	128366	123058	133534	3771	121910	81821	155722	3516	114506	127941	9029	3031	151268	3677	4524	110206	110387	107441	2814	2462	35016	102803	73618	68193	61508	87887	3768	42308	2543	67769	63111	2194	2445	116570	153526	3515	112897	3269	20489	2665	108837	141429	139642	3197	10068	134094	3847	3888	44809	48392	95496	73395	68424	45497	46118	44321	61499	42129	41896	24841	104594	114249	82564	112179	124561	95221	86755	3624	78690	79663	79581	3270	2747	3561	3249	3548	38671	23827	2199	71512	79048	3973	3339	3671	68155	3929	3103	82557	3930	43309	79794	88500	3659	59623	119434	117858	59434	64494	77829	63930	97649	102922	75779	3696	23305	4792	10882	14061	3851	7431	67801	25855	23891	3626	31481	29935	42172	15727	3410	3279	16933	17707	18557	21675	2789	2779	2912	3492	29765	39971	51596	2649	76247	3936	78863	3956	39204	3208	3619	64281	60299	3512	3731	21835	15194	15823	27036	3363	19839	17664	36967	2705	2882	12775	3007	3432	2727	2727	3970	3721	4020	36265	53005	19789	24117	27548	31976	35606	37234	3881	3747	43636	46868	46741	3232	3240	49373	8547	24005	84895	45501	3082	2858	3929	21017	3808	3054	23400	3683	23848	16370	17280	3532	18246	3996	3580	8290	11615	4426	3995	3995	3447	3526	3928	11276	12717	3684	5070	3586	3556	163690	2698	11498	196596	169651	136731	110019	39706	103973	105884	129175	154021	136163	56534	181036	182090	116140	13771	177010	174239	120756	3595	97692	3069	67583	58781	56745	58471	3624	49680	58007	88915	3045	53945	75327	78537	80122	67044	56035	77929	44725	26729	16393	29333	16567	3612	23790	21717	4082	55764	48382	41628	3781	96016	3846	92809	91855	85553	3828	75638	79436	78270	3274	4871	85801	3203	50280	4242	4239	3617	7823	8200	87079	51107	37911	84263	3774	138600	3076	116398	70096	73112	124446	3567	3539	87478	149713	126120	107513	
numbers	 507260	 1024	17177	17151	17163	17170	17135	18491	17078	17075	16957	16863	16750	16625	16519	16290	16181	15908	15692	15614	15391	14980	15024	14802	14562	14216	14229	13867	13573	13308	13117	13849	11720	11686	11179	10647	10680	9663	9215	8568	7944	6384	6567	5606	7138	5189	2429	3037	4376	3181	4106	4239	3748	3605	3577	3956	3535	4465	3326	3274	7562	2261	6893	6560	3806	4392	3182	3476	3626	3565	75679	83036	99787	104201	69924	3660	77361	3340	97199	38123	3299	2896	89174	2678	3689	91383	2954	2678	2833	66885	2938	2829	82618	82471	69740	3376	79319	3886	2965	3564	40948	67354	10896	3383	3550	61127	45839	49525	2828	46808	45930	3447	3055	51430	48139	44643	3540	45056	3125	3170	3020	3169	2980	2814	2814	3200	3194	3019	2390	3197	31406	32034	28226	24490	3359	19501	3214	13389	9405	7916	4256	4468	3158	4102	4109	5135	4523	4366	5091	4792	4743	4433	4671	4244	4210	4508	4303	7807	4239	23567	4153	4145	4354	4205	4351	4347	4249	4364	4539	4422	3994	3989	3162	6505	3493	15711	4134	3320	5271	66079	11139	12511	8926	4414	22003	22596	16063	13140	3353	3622	5758	3759	29843	3840	5759	74108	2998	56484	3029	59072	28335	66517	50745	3140	48231	14570	3031	2344	3584	2942	3019	50179	66501	57146	58919	65227	57158	2894	3105	64553	3568	74642	67167	2899	35685	44325	3601	3665	63892	57488	36379	3004	57249	48307	39684	2967	3293	47082	43725	42158	3214	35366	37588	3495	3166	29470	20550	32229	39886	34044	32613	59610	24192	60744	2878	53927	3569	54012	51730	3471	19681	3710	4216	3892	3513	55613	49917	41991	44079	46869	44530	43379	43226	42471	26097	3741	34952	40733	3382	41345	3825	34274	27588	28737	28682	20302	7688	5517	3441	15595	4664	4602	4529	4501	4034	3550	3402	3415	3141	3432	8480	3463	3290	16784	4012	13506	18171	4239	2963	3294	2528	17553	2854	3183	12528	2895	6078	14911	3955	15962	2895	2537	14616	28480	3507	9047	28110	12157	12946	3912	16172	25923	2489	22964	20500	2538	3338	21595	2872	2537	6604	12568	11779	10203	3249	4042	4545	3784	3276	3034	2911	3931	3885	3874	2678	22107	77472	2693	65883	27170	6490	105783	4277	3824	19154	7899	2857	12280	3907	51275	207259	51638	245937	4365	35588	216526	3088	2809	2290	107162	3771	2882	166371	3301	162994	160165	157081	3649	3223	149429	131813	3470	40085	230497	5107	301728	289420	287389	201147	200130	211312	213155	220517	221606	19750	62591	260997	61801	3280	192596	53600	3536	122283	3821	115766	112709	189598	3697	194344	38152	154610	44608	246760	3278	2908	63893	152232	24498	186714	241072	24634	73038	28071	3922	3542	4158	183062	180294	3525	172742	208738	149562	121522	113692	109018	102838	96052	71406	92588	85393	82345	3109	71087	67565	64250	3411	3411	2684	2790	3328	3448	84272	62869	161472	96338	3557	3807	58984	156861	3179	104275	243585	3259	3921	40971	3640	44527	29601	230951	227801	126816	3153	2790	3371	4184	3225	3131	3985	52555	4455	8682	4547	3685	46261	241141	24489	223543	238749	234646	233603	229886	226431	222329	80508	3472	2527	3087	3389	3640	3373	146278	212765	209261	3444	3266	2400	2372	3379	73126	3577	66193	182893	3639	207136	219657	8790	216192	113105	207697	208679	191393	201874	195075	3749	174438	180697	124201	120532	176064	119079	115535	201905	3681	154319	110011	131016	2608	3020	3083	3333	3719	126673	3065	2316	3426	2940	181922	104115	92189	189327	2693	150212	117695	111023	115268	119871	123581	191005	160125	157275	3362	4060	3250	207631	3440	3722	3271	3877	3602	3853	202544	201396	3758	200496	13180	3240	3631	126812	222017	125267	153211	12460	123180	124433	3119	110457	3431	11108	3680	3562	190950	3445	3125	67660	3735	3890	140921	3021	134475	4968	2951	3483	171702	151246	180502	173277	145445	173451	70221	48687	132975	57494	3216	78102	82632	86554	27708	60522	3846	93350	3202	165095	2860	127487	179521	148023	168686	145629	193244	3177	3308	3335	144723	3453	3484	14130	183588	180130	176288	3074	143193	56165	79099	169760	70601	33643	3154	46700	73211	86362	89995	74071	3890	147630	163686	162978	170387	163057	124396	2692	140085	158366	3219	57026	2988	65289	3225	82212	104405	55832	3480	3424	33536	143399	151725	3337	59792	3337	154982	4490	4881	8410	3208	3773	3118	116799	5166	3047	3904	126772	2975	2812	2847	3662	5806	14311	76973	3381	2744	3738	3279	3276	3907	4736	3764	3223	3228	4288	3862	3326	3166	2744	17589	2900	3661	3248	62197	3786	13735	4270	54002	53710	3844	36089	3093	3114	3749	52672	50012	41579	28314	38322	41663	41422	41758	23736	2685	29029	3665	3661	3318	3791	3509	3537	3507	2946	3369	20632	21575	2243	12622	14999	3339	3425	3148	3564	4118	3491	4869	4185	4274	3845	4073	3321	11743	4072	3404	3323	3222	4397	4007	3205	7421	8509	12684	14840	24711	3877	3849	5039	4966	4340	3965	8797	10484	4844	3856	3809	3803	61621	115926	3526	40799	2095	98579	2958	2970	142001	2859	2732	3582	89930	61470	4372	2770	3528	95462	50046	2616	101147	104388	107136	3650	111718	112092	14405	99940	113704	96850	108627	147885	131796	2909	4666	15809	4621	98763	4275	3964	4515	4174	4089	3875	3903	3527	3740	3532	3451	3032	4005	2586	12467	3359	11024	4378	8506	3090	2854	3629	2360	2675	3001	85185	18794	92313	84059	3585	4279	3330	3161	3516	2973	4157	3211	3261	3893	3430	3238	3248	44968	3512	2841	3842	26363	2736	48379	3364	60624	51466	3056	29342	95781	3934	3650	20664	86339	83987	80223	74476	3858	3783	15004	3295	3290	3233	3592	36038	33109	3699	3063	7616	5615	15319	44213	40454	36784	32825	3339	3468	31061	4018	2976	4372	3277	29167	2705	3823	26743	3496	20067	6399	14388	15519	21530	25744	29017	26478	2364	3320	4138	86435	3315	29973	11466	11703	2966	138474	144534	148495	152488	156143	154997	32565	56588	58873	14897	33735	43445	44010	43574	44742	43991	42205	48108	44332	3820	2680	34010	30204	35935	38546	2867	9213	3946	4235	4876	4697	3127	3749	3294	4227	4120	3068	3507	3565	3477	3269	3100	2682	5448	44744	3698	40119	48950	99004	43088	80699	63289	3166	59601	84134	63019	73342	66928	36432	24234	58222	54718	3996	3044	3099	9426	17116	13381	3198	4133	9921	9321	3732	5840	4038	2560	2630	2629	2698	2876	
numbers	 977392	 2048	15866	14959	15636	14917	15360	15284	15329	15358	14989	16110	15035	14431	14981	15238	14827	14695	13978	14249	14991	13141	13724	13532	12506	12188	13329	11970	12067	12272	10454	11934	10695	10054	10803	9768	9442	9774	8278	7370	5469	5946	5260	4253	5694	3148	3897	6626	3734	3433	2668	3679	3535	3832	3461	3356	2968	2435	3702	2875	2699	2670	2663	3427	41051	3362	3098	47928	2893	3235	51096	4042	42670	3693	3853	56796	4049	38679	4542	62384	60029	68638	57657	73597	52150	78863	80392	84241	73821	89801	79881	3141	67719	82914	2744	62354	2666	2554	2554	2550	2545	2782	2547	2547	2545	2541	3231	3230	3275	3216	3558	3553	3546	38627	3128	3110	3108	3106	3520	3500	3426	3496	3421	34548	3151	3136	3143	3091	3094	3560	3560	3557	3551	3651	5352	3378	3537	3365	25556	22467	27254	31233	33571	3343	65088	61455	53288	53122	49367	2933	2871	39626	3576	3156	30095	26394	3704	19156	16448	4234	3044	3044	11045	4024	4016	4821	12546	5107	4493	3938	3992	3849	4192	4043	5399	5571	5227	5200	4860	4257	3236	5039	4587	3284	3596	4210	3760	3563	4134	3525	6675	6330	3604	3547	3131	3390	11556	108222	10752	3518	101197	46690	3746	80205	3612	69258	63183	2794	2609	41036	28646	26595	49505	3682	44339	40816	3555	36024	34132	30692	26300	2899	53129	2609	3263	2686	2603	2932	3009	3066	3114	3690	3783	102110	3288	3687	3512	29023	24706	16628	3772	12388	38382	3461	3384	4349	4049	3783	4037	3614	2986	2986	3926	3931	2792	2792	3806	5363	3442	3440	4058	7916	3870	3748	3406	97906	3315	81212	3157	15171	5760	90752	3799	3477	3513	81486	72575	67421	58886	55120	2603	3429	3376	3917	3825	3662	4025	4381	4294	4291	3031	20781	14271	4639	3596	3330	3740	3176	3755	3501	4108	3746	14933	21940	20064	5414	4312	4707	24488	3912	3604	4241	19497	8379	4799	8994	3241	11408	25962	3102	8360	4500	9466	20718	20321	18333	4466	9214	9427	7638	15542	15305	4537	4046	4351	4041	4375	12461	4039	3996	4462	4134	3951	3555	17669	16004	4638	19702	4310	15858	14429	4455	3398	3336	3308	3274	4749	3131	2913	6277	3085	3012	4640	2873	9253	3056	4410	16014	3533	3074	14499	25648	9826	3586	2146	3106	2640	4225	19353	12721	3716	3126	26760	3502	3378	3178	3110	3047	11294	3895	9321	33810	28960	3736	23354	20604	3368	15313	12573	3138	14539	21075	2066	2503	4090	3176	3822	4280	3464	3424	3444	14597	3253	3272	14440	13594	3344	6467	6783	2725	3128	2979	2662	3256	3033	8804	3381	4402	3206	3406	3299	3263	3249	6723	4170	4335	4281	4815	18533	3488	82539	3749	4193	73807	7114	71481	3460	66961	4140	3605	75820	3933	4633	62752	11144	72732	3495	2347	53858	88156	99005	3428	63966	49787	2250	56740	118251	4163	104055	100534	113731	36174	108742	104596	85794	40034	3844	96938	40329	15243	3398	97792	3692	25221	21010	85433	3698	9035	3579	73286	3584	3376	71642	3698	3991	2721	3513	93981	71565	100258	77702	113969	75583	4825	94397	80166	65190	3391	78715	78798	69087	88959	3678	4302	99753	77954	4175	5028	74289	4764	96216	4486	70608	3888	63488	85274	55408	83889	4632	3801	57044	53677	3895	4342	78756	4037	42944	3246	4002	74360	3468	2834	4806	28877	26152	4684	66476	62888	3303	3606	5389	3493	57590	26656	56790	3611	57907	60412	62143	59930	86617	60442	61249	3480	60723	77780	60357	59397	76089	56518	54909	67826	54470	54319	55760	62856	56448	55440	40410	50161	3755	63948	53527	51392	49574	48751	49380	49306	45000	13066	38420	4810	2695	57031	52949	41839	39806	36818	3690	64456	3375	34539	3278	2427	3687	3457	3277	3372	3372	7436	4267	3857	14275	10065	13210	10225	9568	4500	54414	3602	3475	3477	49307	2411	2708	7768	3724	3126	3143	3625	32212	3600	23305	4491	28367	5818	21090	3613	13911	3662	3361	4043	3102	3120	3338	8147	5108	4656	34484	30503	28885	26639	24288	3121	20690	19045	14046	17061	15939	50438	2804	45254	42183	2411	2691	33166	3035	3626	23574	26164	20186	18365	15664	20273	11163	19604	2835	2835	2659	2646	4795	3441	3406	3344	3079	3825	4896	4507	4398	4393	3521	3866	3178	3982	4072	4707	16032	3694	4348	4344	7213	10792	13411	3395	3398	2414	2552	4043	2923	6233	3544	4007	52088	32216	3605	3548	3562	3670	3728	25801	4000	44015	3382	37545	4232	3285	3258	3348	12661	8812	3101	3887	3286	3680	3932	3450	16668	9050	15220	3878	3536	7352	51560	3553	3655	48499	45248	3907	49089	3289	3831	3532	35710	38357	3825	3023	27579	30234	24772	3905	17415	15205	10881	4399	3768	10162	3212	39408	3928	5009	36502	3826	4309	4162	3795	3564	3695	3884	4893	3959	4036	44481	3953	3319	3826	37610	31422	3397	3372	28759	25584	27373	3284	3345	27662	25225	3753	3924	3765	4045	3789	3779	3947	18813	2704	15141	3424	3155	4728	3432	3872	3495	32207	4118	34151	2942	18453	34914	55553	3833	31252	29363	26047	23689	23727	21078	18011	16204	3540	15147	15181	14966	4137	3113	3081	3044	3062	3246	3030	3691	2884	2966	3545	26583	2910	2889	26589	2879	2938	3710	35499	3071	26679	42795	31286	3616	40303	36671	2990	3304	2948	34244	2947	2938	14831	2936	3460	3630	3066	25290	8337	3045	3360	3035	3648	25996	3469	13609	3454	25838	2958	19008	3372	18985	3791	4799	3840	16783	8845	17357	13377	3507	3783	17312	15242	3153	3598	3561	3401	3386	3217	3178	3435	3567	3338	9390	3312	6105	4429	3278	3317	7563	3475	4443	20281	4285	3806	3856	4184	3656	17546	3866	9503	3042	3042	4148	3687	3251	3294	3095	4382	4349	4508	4462	6708	2655	3500	2932	3709	3572	2653	3487	2501	2342	3215	3284	3252	3233	3186	3197	3139	5632	3950	4085	38139	3364	65123	82104	14275	48532	46638	77453	7010	77161	48082	3948	3881	78000	2817	57720	12224	2817	69321	3301	59826	26156	3283	51362	7661	3190	68689	3790	40670	65413	30162	61192	3737	53663	43030	3622	3738	26345	41536	21512	3297	27096	3538	3282	2560	3307	11250	3569	3368	3856	2544	56518	3566	3014	64569	38622	59191	2654	49879	46457	3817	3273	3370	3750	43976	3697	23198	3365	24911	3449	47027	3609	40184	34833	2708	2707	4062	3365	3458	33687	2684	4411	28382	3387	2682	3549	2259	20695	3818	3650	3402	2231	20231	3774	3093	42155	3032	28135	14514	3426	3232	3522	22293	18354	19570	15502	3388	3730	3499	3831	3211	3378	27250	2661	2754	7935	11524	3179	24236	18025	17700	23481	26487	3476	3460	2919	3699	4330	4324	2976	3789	4070	14207	3288	2969	3006	6893	2543	2541	5120	3926	3044	4192	5345	4017	3888	18535	3881	3597	3433	3789	3811	3749	3885	4653	4131	3911	2743	2743	8084	4860	4660	4081	20282	16299	4111	2944	2628	3949	12713	3284	10684	3229	3757	10927	4363	4127	3920	3818	3763	4746	3384	3904	4056	6371	3543	3568	3535	3278	3262	3299	3412	3249	3306	3282	3604	3275	3219	3207	3602	5587	3722	61504	93562	3408	110346	3389	3443	3254	98719	60141	3195	3227	3202	3221	9086	2399	3402	102316	93097	85924	95346	3476	49966	3458	80804	2949	3296	3558	4198	3398	3494	76024	3408	89335	50671	10002	69981	3238	14059	3335	3310	3337	3292	77615	95830	3531	3461	3265	1981	3675	80116	62368	3244	2895	3275	6487	2829	3432	4703	3511	86130	3013	66193	3429	4182	3963	4247	92815	3079	27409	85399	2949	77768	10247	3515	3249	3350	3027	3708	3476	3476	3294	3969	71137	2863	3649	93419	4346	2863	2994	84284	2895	4210	3931	42649	78313	1981	16763	4332	3265	4683	4680	3452	66593	4636	38910	4286	3181	13210	27287	3292	3168	3278	21964	8039	3934	3289	3420	3287	3285	3452	3452	3450	3655	4523	5522	3474	3455	3954	14745	3553	8438	5696	3772	3725	5244	3337	3536	11646	2987	3876	3893	3539	2899	3647	3054	3032	3198	3025	3328	3312	3304	24500	3209	2550	2765	32961	17130	21308	3157	3208	45005	48180	3249	51250	3421	54301	56482	3613	55240	3486	2832	54542	51534	47697	45236	2859	3054	28805	52492	48865	3322	3654	40323	3666	32659	2765	2555	2948	4157	12164	3461	3306	3360	3636	2691	2670	2669	17562	3694	3470	15580	26461	22038	3376	3359	3359	12267	3134	3749	3502	5304	6422	3312	2691	3470	22054	2752	3006	13199	2994	5971	3112	3467	5965	4480	2994	3112	4152	7264	3599	3327	3546	3315	3096	3712	12487	8400	4001	18421	3013	11227	3154	3608	3658	3279	12565	10214	3358	11910	11121	3943	4351	3358	3344	3320	3320	3278	3259	3741	3594	3100	4448	2483	3217	2459	2832	3412	6467	3109	3816	3132	47774	15418	3170	3460	40673	37600	3468	3069	34735	3210	11450	46399	2696	2863	3403	20409	51048	3438	3247	23618	3228	2832	2477	3453	33792	11312	14917	12235	3600	3057	2999	3100	17315	3123	17311	22433	21448	3927	4309	19691	17728	39624	37078	3220	3373	3107	4683	3188	3235	2725	33955	3072	29377	3349	3022	2901	4661	3638	2900	3011	7899	3246	14698	15640	3301	2990	3827	3177	3078	13758	3753	3153	3108	2949	3276	3541	3134	30101	3068	9453	3231	3300	2992	4657	5009	3639	3316	14012	3314	2957	2903	2885	2446	5316	3552	3525	4458	10921	3033	14195	4733	4580	3613	3696	3810	3457	4086	3439	2721	2691	3420	3284	25009	2291	90973	61778	102490	100652	4334	43292	3102	44327	62637	3794	3256	44953	34986	35914	64994	153260	35999	3851	28312	3093	3247	29607	3909	54710	3177	2842	147647	3115	3078	2810	144139	140472	79531	3024	3303	2923	30118	3472	161857	41280	40026	40024	3702	90142	49100	3398	108079	3809	95479	93707	87624	86745	83384	79905	76121	3225	2451	2918	165406	2706	159529	3696	106407	103527	99778	95689	73826	3286	3288	59249	59880	3093	3233	3567	3328	2373	50564	3600	163540	46014	42935	15024	3917	26442	102314	18586	3176	60124	77082	45249	34102	54595	50858	47300	2983	2969	67801	2903	17649	62192	3482	58971	3367	3143	109628	25616	3534	23945	64216	3747	38347	37744	106407	3779	99956	3699	93001	89704	86191	82015	54355	67478	3899	3577	23391	4223	3192	3162	3377	3208	3291	3287	37633	3633	44678	91717	3019	3113	3279	2374	2540	3646	3933	3948	3453	2945	78854	74795	2592	77463	79882	83349	3783	3704	3092	47990	4548	44712	4349	3075	40943	3584	2845	4022	38815	37702	3441	3934	4003	34232	35339	34780	4594	31744	15904	20101	19451	10150	13287	3501	3651	8633	3903	11484	3759	3433	4243	18890	21596	4290	23279	25645	2717	28878	29294	3271	3295	35324	3948	42510	3405	2659	3343	3855	3615	3554	3456	3461	3030	2513	3138	100943	3583	107521	3771	3064	3421	3081	3146	57687	3880	114854	3690	113052	3227	3159	2598	3359	3076	3364	3216	99568	3140	2531	5288	2995	2967	9357	43732	3517	4503	3295	4298	3852	2633	2862	3098	68972	2449	62811	2592	2765	3183	3052	3354	3145	2683	3472	42032	38149	3727	31892	2965	3575	2752	2623	2619	3124	2722	4410	3928	21408	3752	14652	3852	10186	8515	3338	46526	42780	3835	3798	3533	3726	3853	3056	17293	17401	2958	11716	8156	5852	7377	3795	3714	3536	4934	6698	3358	3355	3707	10257	3096	3483	4469	3802	3097	3042	3168	3462	3613	3637	3334	11786	10781	16196	3377	3173	3622	23048	29347	31284	52018	32212	32986	33875	34191	31159	30442	30351	27995	3828	2733	22406	3114	3198	13406	3599	3600	17240	4108	3361	7362	46363	2571	3192	3076	3452	36337	3501	29624	3050	3347	6016	25117	22433	20183	17011	17486	13326	3260	2741	3246	3324	3322	3325	3485	3989	4166	2480	3502	3457	3442	3333	3265	3352	12744	8621	3227	3590	3083	3368	7192	3556	3544	3429	4430	3847	3760	3742	2857	3342	2813	7267	3662	42458	9374	2649	3612	9186	3585	3780	3823	3548	3519	3691	3888	3463	21866	32216	16960	3296	3477	3824	7257	4047	3825	3444	3749	8382	3848	2957	21960	3656	21300	3727	11313	2416	3853	14518	13669	10218	3798	2868	3839	32040	19165	3145	38916	38690	43030	2765	3505	29358	3376	27864	3015	28278	3961	3669	3871	3852	3846	3214	24621	2778	2777	2647	2626	3410	3410	18961	2417	2232	2232	3406	2778	22334	26454	41356	41173	3612	42881	3953	37817	3319	3350	3112	38953	38015	36024	37814	34401	29207	2963	2993	12969	8237	4112	10213	32825	29207	26815	9221	2286	3045	4426	4171	2193	24814	3545	3825	11480	9499	3508	8501	6653	5637	3626	
