mode 	 time [µs] 	 thread_num 	 single_thread_time [µs]
block	 32054	 1	31818	
block	 17042	 2	16946	16529	
block	 18085	 4	9340	17976	9640	17964	
block	 15004	 5	8213	14888	7908	8143	14497	
block	 13581	 6	13339	13211	13438	7808	7778	13051	
block	 12843	 7	12449	12750	12199	7772	12070	12400	11908	
block	 12284	 8	12055	11475	12139	11865	11508	11956	11940	11205	
block	 14582	 9	11140	10598	10943	10638	11484	14130	10786	10296	10478	
block	 12928	 10	10096	9707	9467	12734	10088	9843	8817	9920	9232	2841	
block	 12817	 16	7640	10370	11494	10622	8271	12517	12451	6226	10589	8017	6894	10865	10368	8805	9611	5093	
block	 12445	 32	9536	5777	5697	7903	9767	7381	5594	5437	9473	7328	7282	11093	6821	4664	8427	6063	7944	7897	8061	8545	6432	6922	9421	4100	2864	7643	8403	7224	2264	1545	1655	611	
block	 13490	 64	7614	5009	5176	5930	6499	5937	5549	4783	5890	5490	5288	4724	4071	4578	5126	3650	3911	2698	3731	4633	5123	4627	4807	4820	4937	5054	5171	4932	2409	2318	2849	2980	2433	2116	1842	1978	1573	1498	501	575	977	964	1040	932	1047	1061	1050	980	1044	942	967	1088	1012	715	1032	979	992	1009	1017	641	933	905	966	113	
block	 15223	 128	5944	5932	5266	5526	5007	5443	4824	4982	5030	4959	4318	4302	4230	3782	3773	3690	2774	2186	2827	2139	1900	2385	1693	1514	1357	912	2871	2701	2543	2097	1488	872	621	575	369	798	906	420	372	699	1991	1804	1948	1869	1832	1779	1937	2050	1840	2132	2183	1944	756	848	608	651	488	621	745	725	742	775	539	529	443	556	653	768	840	742	1167	505	498	527	714	283	295	442	443	2613	1953	547	1665	289	473	1967	291	674	976	434	559	451	512	422	572	589	462	513	395	520	665	527	533	453	287	1593	1066	493	551	471	618	522	1791	526	1408	467	1297	455	435	378	500	648	479	467	590	531	117	0	
block	 16334	 256	3477	3545	3454	3424	3538	3547	3660	3671	3421	3332	3002	3149	3144	2365	2757	2409	1812	2301	2247	2071	1975	1949	834	1434	1537	1180	918	717	661	415	335	154	363	253	303	495	446	416	343	203	181	150	223	342	227	285	322	334	512	336	304	338	331	458	132	140	143	406	309	435	893	857	702	901	737	868	987	1039	1133	987	1330	1444	955	147	304	307	314	283	376	381	322	406	360	321	398	345	444	284	673	608	621	382	496	318	151	230	415	227	312	498	413	485	602	621	585	465	304	286	234	319	403	381	305	261	280	284	220	155	314	323	539	451	527	564	512	309	251	245	175	156	195	481	386	260	347	507	311	279	448	187	242	243	223	222	229	157	220	261	242	248	142	127	257	257	403	261	240	259	157	231	242	297	552	148	168	330	324	337	308	158	379	470	168	132	251	235	188	209	160	228	262	228	238	248	137	242	245	141	173	257	237	232	251	233	233	221	239	142	233	239	262	275	338	429	254	235	415	258	112	476	232	266	587	314	289	222	259	213	261	233	208	202	210	152	216	231	271	154	263	255	261	252	428	124	273	242	237	240	144	297	232	243	236	250	225	246	252	260	248	262	216	127	91	0	1	0	
block	 18651	 512	4171	4127	4105	4001	3955	4276	3978	4004	3795	3834	3601	3692	3224	3316	3033	2812	2660	2545	2638	2577	2299	1785	1854	1864	1536	714	572	591	124	73	76	252	224	188	118	74	66	136	206	177	134	166	102	120	236	213	67	166	197	139	206	208	94	89	141	94	152	123	233	199	166	102	104	209	294	122	147	147	131	81	203	190	189	143	91	91	242	200	203	212	171	119	224	68	168	130	174	159	160	234	101	94	141	145	143	248	132	182	127	155	172	221	143	195	179	202	182	81	213	197	154	179	89	159	158	210	151	167	167	68	235	283	220	170	232	273	254	181	225	205	154	119	88	204	174	211	170	145	127	94	183	195	100	135	142	120	114	107	221	198	215	180	174	170	184	177	146	73	131	211	223	126	189	129	114	132	197	143	136	133	126	93	182	163	114	158	148	71	222	238	168	123	77	116	176	315	243	315	235	95	80	327	120	81	145	195	136	261	128	115	129	124	111	109	154	209	166	86	149	117	116	181	177	167	163	162	89	164	137	167	165	198	200	262	148	148	100	126	122	164	137	80	227	172	170	126	81	156	229	186	70	155	248	73	136	179	149	151	129	82	212	199	189	229	168	77	284	103	140	86	139	126	72	102	80	88	142	145	145	130	106	77	138	73	81	81	84	137	125	121	127	98	114	113	98	79	74	92	76	129	151	89	119	117	197	79	97	141	92	141	75	150	132	136	131	108	90	151	131	129	125	84	134	127	76	118	135	74	71	83	160	121	117	169	159	129	151	115	150	86	133	83	71	91	108	107	111	108	94	145	120	118	109	84	83	137	146	99	153	85	125	95	94	140	104	116	138	81	118	77	105	164	111	133	164	131	98	77	81	138	126	95	140	128	120	95	77	102	90	127	102	131	85	117	83	114	77	80	101	133	74	122	78	131	91	126	77	142	100	86	123	122	77	133	88	64	87	71	106	75	124	105	98	112	128	82	125	120	76	99	68	112	99	167	127	92	115	112	81	134	114	82	77	74	376	119	125	125	88	84	132	111	97	127	84	134	106	73	132	79	70	131	131	102	42	0	0	0	0	0	0	0	0	0	0	0	0	0	1	0	0	0	0	0	0	0	0	0	0	0	0	0	0	0	0	0	0	0	0	0	0	0	0	0	0	0	0	0	0	0	0	0	0	0	0	0	0	0	0	0	0	0	
block	 27232	 1024	3112	3025	3052	3166	3061	2972	2716	2679	2479	2479	2453	2170	2030	2046	1878	1705	1684	1575	1390	1259	1285	1179	918	532	542	61	41	45	43	113	213	149	107	152	144	48	47	56	62	67	63	140	152	143	137	93	71	57	47	41	45	47	175	134	98	78	52	45	50	87	62	63	169	205	159	42	96	46	77	70	44	39	44	131	133	122	89	63	45	54	66	60	53	43	143	137	112	125	130	59	41	42	45	40	126	133	129	91	104	55	65	56	46	75	71	120	134	129	86	87	42	89	51	56	91	54	153	154	109	71	58	44	48	62	66	54	120	133	115	100	74	42	57	40	59	59	42	145	173	197	126	71	52	41	43	41	40	50	159	144	127	91	85	84	83	108	89	65	124	49	173	131	160	59	56	45	43	45	48	152	216	192	198	163	44	45	45	72	93	69	672	639	227	629	652	585	47	44	64	43	179	127	383	122	45	301	116	49	43	42	52	182	173	185	218	147	152	144	84	43	43	47	394	162	114	89	97	53	70	43	69	50	143	149	186	183	76	42	72	66	55	60	65	204	124	190	206	79	87	70	54	62	60	55	389	360	341	304	351	315	50	47	44	47	147	160	136	153	115	40	173	63	68	65	63	141	147	169	79	101	153	135	38	62	64	48	128	134	114	82	74	55	55	68	59	57	168	157	122	157	169	138	73	74	68	52	74	149	157	135	103	89	74	47	69	49	69	63	62	172	158	112	87	63	69	61	51	56	130	160	86	127	111	86	77	49	56	58	65	220	159	129	191	105	63	78	38	39	47	43	162	142	126	91	68	56	78	86	58	86	127	205	110	108	125	92	53	40	48	44	50	121	120	104	95	70	57	58	41	54	59	58	135	106	90	92	130	66	70	78	68	52	67	168	125	66	123	100	82	65	49	67	57	104	105	192	176	152	146	109	85	49	87	56	167	211	97	134	72	88	83	40	38	72	102	120	103	115	82	80	57	60	66	46	51	80	61	64	66	62	72	75	63	51	48	43	64	39	61	63	55	50	63	53	51	50	52	75	74	74	76	73	72	64	47	64	59	63	99	98	60	69	56	61	60	62	45	206	140	90	74	77	50	57	81	41	67	71	105	85	88	96	118	59	64	63	81	73	69	70	74	68	65	67	70	80	73	77	61	75	44	65	62	64	65	57	76	52	79	65	67	76	71	75	78	84	83	84	67	76	76	65	83	88	68	68	69	70	88	108	69	78	76	87	93	91	96	107	98	100	92	87	92	93	78	87	81	87	80	87	80	85	80	97	67	91	66	83	48	40	39	40	40	65	71	53	75	73	45	67	84	51	82	81	50	75	53	60	59	75	69	52	82	46	42	74	84	82	76	55	78	73	54	74	72	65	94	78	79	49	91	91	59	91	67	48	64	69	79	45	44	59	76	81	77	76	76	72	58	87	76	89	84	72	55	63	72	72	60	92	49	42	47	51	44	46	39	66	66	47	41	48	49	48	87	74	54	45	45	56	54	62	56	57	46	60	44	80	67	58	64	47	53	47	71	52	49	70	42	47	71	55	59	58	44	42	59	66	65	90	57	74	67	44	62	38	37	43	57	99	49	108	59	45	61	67	67	54	70	67	55	45	56	42	41	47	42	38	45	39	38	45	40	41	55	44	55	41	45	64	62	42	49	44	71	68	70	71	45	95	68	62	50	54	48	49	73	47	55	45	66	106	44	47	44	60	45	58	64	40	62	64	47	39	42	44	45	27	0	0	0	0	0	0	0	0	0	0	0	0	0	0	0	0	0	0	0	0	0	0	0	0	0	0	0	1	0	1	0	0	0	0	0	0	0	0	0	0	0	0	0	0	0	0	0	0	0	0	0	0	0	0	0	0	0	0	0	0	0	0	1	0	0	0	0	0	1	0	0	0	0	0	0	1	0	0	1	0	0	0	0	0	0	0	0	0	0	0	0	0	0	0	0	0	0	0	1	0	1	0	0	0	0	0	0	0	0	0	0	0	0	1	0	0	0	1	0	0	0	0	0	0	0	0	0	0	0	0	0	0	0	0	0	0	0	0	0	0	0	0	0	0	0	0	0	0	0	0	0	0	0	0	1	0	0	1	0	0	0	0	0	0	0	0	0	0	0	0	0	0	0	0	0	0	0	0	0	0	0	0	0	0	0	0	0	0	0	0	0	0	0	0	0	0	0	0	0	0	0	0	0	0	0	0	0	0	0	0	0	0	0	1	0	0	0	0	0	0	0	1	0	0	0	0	0	0	0	0	0	0	0	0	0	0	0	0	0	0	0	0	0	0	0	0	0	0	0	0	0	0	0	0	0	0	0	0	0	0	0	0	0	0	0	0	
block	 44175	 2048	3877	3907	3906	3900	3789	3766	3712	3615	3428	3386	2708	2620	2436	2251	2130	1754	1519	1359	1257	1026	908	700	588	519	324	31	30	31	29	31	177	180	32	78	30	39	29	41	33	37	28	36	30	35	28	30	131	113	100	78	31	85	25	27	55	53	39	42	34	38	32	36	169	119	114	103	43	27	30	30	40	32	48	31	30	52	74	32	117	189	90	30	33	30	36	30	34	31	31	30	29	30	29	29	139	125	89	81	45	31	28	26	35	34	44	43	39	38	35	31	133	119	89	69	38	28	35	35	41	41	38	38	39	34	38	39	130	114	89	70	46	41	35	31	44	32	31	26	27	29	27	31	128	115	98	79	37	63	40	63	42	30	44	41	36	46	32	38	123	125	105	76	42	40	40	39	33	42	33	33	29	31	30	28	107	114	97	73	51	47	29	48	43	40	30	28	27	39	40	31	124	108	92	72	47	57	31	50	34	35	38	37	36	38	39	32	129	113	108	66	50	29	29	27	32	42	43	30	30	31	30	39	125	130	90	72	62	33	29	30	52	46	31	35	32	36	37	30	145	127	78	83	69	35	30	27	39	48	45	31	32	29	31	29	112	105	86	63	31	30	27	40	43	31	26	26	30	26	25	30	128	119	89	82	51	31	29	30	33	28	38	37	28	32	28	30	148	118	109	84	63	31	30	27	28	29	25	29	29	25	30	25	125	114	104	78	48	30	27	28	30	29	26	26	30	27	25	30	125	88	70	66	31	32	27	31	31	25	28	30	29	38	30	27	129	189	86	78	32	30	28	30	51	33	38	39	30	28	30	26	128	111	109	124	43	55	34	35	44	36	37	35	32	30	29	53	302	361	252	248	204	33	38	27	46	30	32	30	28	31	33	30	35	133	96	96	68	34	38	33	57	32	38	34	33	51	50	33	669	103	92	59	59	28	32	39	43	38	41	32	32	26	53	43	127	110	78	58	34	39	35	51	40	52	35	50	31	30	29	26	122	109	84	62	49	43	37	33	43	45	56	36	56	38	39	36	171	147	160	77	75	29	29	27	36	31	31	28	34	36	35	32	173	156	137	39	40	30	28	28	32	29	28	27	26	27	26	26	117	99	86	60	50	42	39	28	26	27	27	26	27	26	26	26	119	87	78	55	44	33	28	30	28	30	26	27	26	26	33	28	124	99	91	69	45	37	30	26	27	32	41	30	27	26	41	42	137	120	102	78	46	69	37	68	38	27	34	36	45	46	42	41	120	119	95	73	52	32	46	31	49	46	55	54	31	33	34	37	189	154	118	94	32	29	29	28	33	29	40	45	32	38	31	27	124	97	91	64	48	33	37	27	30	44	43	32	32	33	29	31	132	108	82	45	38	36	31	29	35	30	29	28	34	27	28	32	115	95	123	59	46	48	31	49	29	31	29	27	30	24	25	24	102	104	66	62	28	34	30	33	40	31	32	28	29	39	37	29	33	29	29	28	27	30	25	27	31	25	27	29	25	28	30	25	28	29	25	27	41	62	27	30	26	26	30	42	40	27	32	34	36	27	31	26	27	30	25	26	30	25	26	30	25	26	29	25	27	30	25	28	29	25	27	29	30	28	26	29	25	25	30	25	27	34	33	36	30	36	32	28	29	30	39	38	30	30	26	29	40	38	30	29	25	29	32	26	32	30	25	28	29	26	30	27	31	30	25	28	29	25	27	29	25	26	31	26	26	29	25	30	33	29	26	29	28	26	30	25	26	30	25	28	29	26	26	30	27	28	30	26	25	30	25	25	32	26	25	29	25	25	30	26	28	30	26	25	30	25	25	29	27	25	29	27	25	29	26	25	30	29	26	27	29	51	30	61	61	41	40	36	34	41	42	30	47	32	33	32	28	30	28	27	31	33	41	44	39	40	32	31	92	38	33	29	32	52	35	38	52	50	42	31	37	26	31	26	34	30	26	26	29	25	27	29	26	27	31	25	26	83	43	30	79	41	29	33	33	26	29	29	27	30	27	25	29	26	24	26	31	26	28	31	25	27	29	25	29	30	25	26	30	25	26	25	31	26	26	29	26	25	28	25	27	30	26	25	30	25	25	26	31	30	26	28	30	26	27	29	27	25	29	25	33	35	26	26	32	27	26	30	26	27	30	26	27	30	26	25	27	30	25	26	26	30	26	27	30	25	25	29	26	25	30	26	25	26	30	25	25	30	25	25	25	29	26	25	29	25	25	29	25	26	30	25	26	31	25	26	30	25	79	160	40	30	39	35	52	50	38	41	43	30	32	25	27	30	24	25	31	24	25	30	24	24	30	24	27	30	24	27	30	24	24	24	30	25	25	29	24	24	29	24	26	27	30	24	28	31	24	26	28	30	26	27	30	26	28	28	27	36	36	27	26	29	25	26	31	25	27	29	25	26	26	30	27	25	29	26	27	30	25	26	30	26	27	29	25	26	29	26	26	30	25	25	28	25	26	26	30	27	25	26	30	25	26	29	27	26	30	26	27	30	25	25	30	26	27	29	29	27	26	30	27	25	29	29	26	28	30	25	27	30	26	25	25	30	26	25	31	26	26	29	25	25	29	26	27	29	25	30	30	30	32	30	45	44	0	0	0	0	0	1	0	1	0	0	0	0	0	0	0	0	0	0	0	0	0	0	0	0	0	0	0	0	0	0	0	0	0	0	0	0	0	0	0	0	0	0	1	0	0	0	1	0	0	0	0	0	0	0	0	0	1	0	0	0	0	0	0	0	0	0	0	0	0	0	0	0	0	0	0	0	0	0	0	0	0	0	0	0	0	0	0	0	0	0	0	0	0	0	0	0	0	0	0	0	0	0	1	0	0	0	0	0	0	0	0	0	0	0	0	0	0	0	0	0	0	0	0	0	0	0	0	0	0	0	0	0	0	0	1	1	0	0	0	0	0	0	0	0	0	0	0	0	0	0	0	0	0	0	0	0	0	0	0	0	0	0	0	0	0	0	0	0	0	0	0	0	0	0	0	0	0	0	0	0	0	0	0	0	0	0	0	0	0	0	0	0	0	0	0	0	0	0	0	0	0	0	0	0	0	0	0	0	0	0	0	0	0	0	0	0	0	0	0	0	0	0	0	0	0	0	0	0	0	0	0	0	0	0	0	0	0	0	0	0	0	0	0	0	0	0	0	0	0	0	0	0	0	0	0	0	0	1	0	0	0	0	0	0	0	0	0	1	0	0	0	0	0	0	0	0	0	0	0	0	0	0	0	0	0	0	0	0	0	0	0	0	0	0	1	0	0	1	0	1	0	0	1	0	0	0	0	0	0	0	1	0	0	0	0	0	0	0	0	0	0	0	0	0	0	0	0	0	0	0	1	1	0	0	0	0	0	0	0	0	0	0	0	0	0	0	0	0	0	0	0	1	0	1	0	0	0	0	0	1	0	1	0	0	0	0	0	0	0	0	1	0	0	0	0	0	0	0	0	0	0	0	0	0	0	0	0	0	1	0	0	0	0	0	0	0	0	0	1	1	0	0	0	0	0	0	0	0	0	0	0	0	0	0	0	0	0	0	0	0	0	0	0	0	0	0	0	0	0	0	0	0	0	0	0	0	0	0	0	0	0	0	1	0	0	0	0	0	0	0	0	0	0	0	0	0	0	0	0	0	0	0	0	0	0	0	0	0	0	0	0	0	0	0	0	0	0	0	0	0	0	0	0	0	0	0	0	0	0	0	0	0	0	0	0	0	0	0	0	0	0	0	0	0	0	0	0	0	0	0	0	0	0	0	0	0	0	0	0	0	0	0	0	0	0	0	0	0	0	0	0	0	0	0	0	0	0	0	0	0	0	0	0	0	0	0	0	0	0	0	0	0	0	0	0	1	0	0	1	0	0	0	0	0	0	0	0	0	0	0	0	0	0	0	0	0	0	0	0	0	0	0	0	0	0	0	0	1	0	1	0	0	0	0	0	0	0	0	0	0	0	0	0	0	0	0	0	0	0	0	0	0	0	0	0	0	0	0	0	0	0	0	0	0	1	1	0	0	0	0	0	1	0	0	1	0	0	0	0	0	0	0	1	0	0	0	0	1	0	0	0	0	0	0	0	0	0	0	0	0	1	0	0	0	0	0	1	0	0	0	0	0	1	0	0	0	0	0	0	0	0	0	0	0	0	1	0	0	0	0	0	0	0	0	0	0	0	0	0	0	0	0	0	0	0	0	0	0	0	0	0	0	0	0	0	0	0	0	1	0	0	0	0	0	0	0	0	0	0	0	0	0	0	0	0	0	0	0	0	0	1	0	0	0	0	0	0	0	0	0	0	0	0	0	0	0	1	0	0	0	0	1	0	0	0	0	0	0	0	0	0	0	0	0	0	1	0	0	0	0	0	0	0	0	0	0	0	0	1	0	0	0	0	0	0	0	0	0	0	0	0	0	0	0	0	0	0	0	1	0	1	0	0	0	0	0	0	0	0	0	0	1	0	0	0	0	0	0	0	0	0	0	0	0	0	0	0	0	0	0	0	1	0	0	0	0	0	0	0	0	0	0	0	1	0	0	0	0	1	0	0	0	0	0	0	0	0	0	0	0	0	0	0	0	1	0	0	0	0	0	0	0	0	0	0	0	0	0	0	0	0	0	0	0	0	0	0	0	0	0	0	0	0	0	0	0	0	1	0	1	0	0	
numbers	 7749	 1	7507	
numbers	 7463	 2	7273	7179	
numbers	 6973	 4	6750	6715	6685	6670	
numbers	 7242	 5	7039	7032	6923	6908	6894	
numbers	 6939	 6	6739	6727	6834	6803	6546	6249	
numbers	 10091	 7	8437	8449	8023	8009	8184	7967	3017	
numbers	 9668	 8	7573	7624	7390	7374	7308	9037	7178	6737	
numbers	 11595	 9	7431	7565	7365	7191	7158	7113	4894	6728	5594	
numbers	 13465	 10	9097	9177	8992	8057	8887	8029	7973	5255	9691	3399	
numbers	 18926	 16	7121	7487	7146	7078	7135	15886	6846	6970	6964	9598	11730	11202	10822	5708	10505	2856	
numbers	 26629	 32	6169	6178	6145	6156	6114	5691	5545	16815	10114	15449	17131	9865	22026	19159	22485	5651	10870	18097	19141	12574	10231	14202	16566	17807	5355	4875	13304	4087	3860	2731	3074	2611	
numbers	 46683	 64	5222	4885	11836	4857	5008	5735	9220	12039	9382	11124	18503	7706	9143	13756	8679	14249	14183	11695	11688	5341	24606	15786	22208	14693	15148	19969	18846	18927	19718	18534	19232	19522	27202	23723	18518	23830	26142	24232	24778	30589	31076	32381	33309	34427	23529	29568	14271	12445	11949	14760	9939	6503	5994	8763	9129	12327	12124	9980	10758	3126	3269	2443	2340	1382	
numbers	 84416	 128	3759	7857	7854	7825	10137	7785	21446	10570	29401	11505	34467	24050	33639	34831	32065	26247	25481	25528	26300	31376	29968	31770	25090	28466	31851	30787	29165	29202	24536	31146	26401	31495	26473	28995	27168	30724	31989	24597	34419	26468	30747	28264	34100	24331	29996	27502	23189	26010	29503	29252	26487	26754	26282	23302	14823	21511	5412	5941	5591	10849	5259	5357	12319	11663	13231	12883	7401	10874	16004	7631	12831	15731	15391	14799	13701	19570	9824	18324	41057	26295	31888	31888	23893	32613	44296	41946	42240	42864	41919	37593	37677	31822	29239	26468	29914	29205	22125	26019	23199	32723	32506	35464	30112	32538	26802	24408	26733	28265	29834	34401	22240	31054	32088	18653	25260	18358	17483	16216	12712	3049	6069	8909	13674	14564	2745	2608	3104	3274	
numbers	 162158	 256	3089	14184	12326	27150	36837	40749	41750	33454	38964	40662	43051	43529	39171	42202	38351	39242	41407	41679	37832	43527	41304	41228	40940	40265	40753	40797	40675	40370	40082	37740	39385	39970	40083	39376	37686	40516	39720	38092	37886	39678	39761	39681	39481	39555	35877	39297	38902	39449	39088	38461	41122	37585	36018	33100	31660	31120	30699	28331	25751	24513	24285	28895	28161	26701	23713	21163	18921	20504	16201	20858	13333	11862	11408	5714	5334	9025	10809	6182	23242	10286	32562	5123	17625	19649	19916	44094	7337	6654	43426	9801	6366	13686	12404	13126	11604	24675	11153	7274	8648	12975	13011	22283	17247	33266	22757	40481	29285	35148	38840	37073	31599	42684	42060	6646	42177	35565	44523	23798	53804	52592	54267	54303	48325	25658	37328	49225	34860	49987	42489	54039	42249	52345	56640	49902	58025	40329	53117	46523	47419	48053	47545	44675	47946	54359	45112	60502	57071	49236	40599	55497	52459	24190	30074	55577	49800	52999	53944	58838	58645	60120	64005	66442	64945	64813	78411	65346	70559	79550	70562	78977	79744	77701	82488	74385	69416	80849	81792	81367	74143	76254	69388	78481	78976	73321	73229	70988	74666	70289	75176	63573	33160	12770	13096	4719	4744	5060	4530	9100	4443	4102	7523	9273	24023	22019	4316	4223	4340	21368	4287	26979	8617	18351	17766	15559	3737	3815	3707	3985	3865	10475	23403	21716	3669	3552	3330	16911	3335	9538	3166	3374	3085	3029	7261	11581	3004	2914	3030	3353	3097	9366	2648	8164	11270	14084	2841	6042	2576	8561	2472	2675	2483	23533	2476	2457	2426	2137	
numbers	 306315	 512	66995	9197	76006	2955	66869	2517	75367	4948	88303	2818	88680	13378	83874	4047	83576	13963	85346	2686	86585	2475	88548	3171	82960	28647	71660	22935	70738	28311	70486	29680	76692	25375	70165	19923	67174	21597	75748	28202	74282	26716	63720	20279	62294	28644	71736	25713	61364	17671	58184	14660	70028	28465	68656	23458	66735	4507	55271	4418	54424	4455	64974	22134	62334	18612	57107	9383	54065	10594	51993	4853	85827	4675	80933	19820	79100	31607	79032	18633	84864	7393	77551	26375	80749	23433	84530	4500	79257	4687	76641	20216	73922	4661	77120	5533	74934	18404	73636	28993	73898	4634	69165	4553	73639	21363	68117	22447	71013	13130	64709	4139	71877	4484	70784	4687	69357	9300	69037	4576	67179	4444	60563	25347	68954	4457	59298	24760	59309	22796	67829	4035	58312	4850	65608	19645	67376	24239	45029	5657	40944	6441	36007	20187	32563	12889	27690	23232	15048	8278	15767	12666	10722	7789	8914	12801	10537	4738	107674	24852	15099	33920	94879	28686	125865	109333	62335	23624	72980	11461	110113	106980	107729	105029	102118	5200	92286	108867	108757	88731	103092	95821	24802	28989	104498	84065	35156	25809	26238	30020	50698	20522	99759	49308	95826	93288	94085	90388	88572	23194	117214	86282	114965	66712	108663	48446	34538	16477	100398	48857	70436	83315	63928	77352	110923	48489	170288	96195	162774	71448	122446	94482	98210	87255	175956	57317	125586	99526	95618	96151	123297	78652	110607	5244	124056	70096	99286	86506	130154	68280	111570	75994	98496	92804	130410	95675	129351	93024	95341	91071	117044	94003	116286	94216	106345	78855	126161	65747	70263	122141	61539	77791	72802	71808	58169	95405	71428	94214	56636	104044	56360	136188	56472	47211	55156	95533	53661	26733	44934	74970	42271	116315	89885	126117	88360	128223	63537	112863	59598	126163	59779	129726	79727	154781	56278	129956	77417	111641	85257	89835	98430	154002	53210	133539	72288	153159	93125	103258	74640	152298	74079	108806	70696	124485	64304	120872	44068	116853	67023	133863	63791	134222	64938	108665	59817	139691	59823	90071	36846	174338	41776	89549	48879	105334	50616	104964	53036	110151	55944	107429	55803	129615	52819	126616	12956	111367	35871	98484	5150	79877	31822	99088	5125	102390	28816	111864	52942	106832	54920	104841	54797	152472	52817	141590	50888	169784	100905	168554	69465	151393	63047	151841	82845	159440	78882	159478	86688	154089	41969	150228	28957	142780	71757	145672	54897	143619	75344	141191	57966	135488	49938	95110	55104	103337	47580	126207	36989	143343	41909	154852	62876	157457	83286	144844	34088	138291	56178	134674	54702	117413	43200	141600	68204	145160	42063	129948	39093	119090	34974	157419	41031	147414	45951	93674	37486	99653	38513	90735	23634	92249	3722	85681	29798	82412	18657	60782	4080	118523	36245	91000	3819	149445	62168	72072	44538	118733	13113	157228	3636	69986	3541	91292	3278	79766	3356	81445	3106	56892	9786	73590	2988	141432	7967	133314	3234	68600	56862	104386	3377	3391	3703	3691	3666	2659	2702	8785	7835	2632	7186	2803	3293	2839	2994	3034	11592	2974	10276	2823	7885	2706	10330	6682	6104	6692	5035	2417	2645	2891	2630	4061	2683	2643	2513	3858	2558	7985	10326	2313	10996	2546	2673	2647	2244	2361	
numbers	 615536	 1024	3629	2853	2382	2821	3585	2991	6033	3124	42304	3104	18375	5790	42603	2975	2460	4260	44073	4492	2881	30197	48435	2929	24402	21576	40210	20898	20798	20273	39323	17052	16065	17849	32645	2706	11400	13796	27196	7489	2657	7497	17740	3304	3289	3218	19598	3386	2789	3090	37374	10115	8924	9548	38755	8666	5559	3473	31729	6826	4529	3679	31931	4714	6555	3431	21501	12089	4088	4499	39278	6175	2872	15927	37415	3964	3886	3022	39242	3089	3083	7778	33094	4422	4051	3860	24755	6825	4095	4242	27928	13796	4114	7289	18263	4156	14053	7263	12559	10177	12330	11638	26889	5621	4669	4537	21083	4279	4745	17953	22037	6480	11086	7686	25423	6635	14066	8866	14814	4559	7415	4637	22108	4441	4217	9830	41859	9236	8473	30729	19290	14758	29543	4856	31049	8950	29282	18338	42232	4482	26353	10353	33752	11555	14616	23065	45395	29389	26473	24932	38757	26688	23100	23982	29839	20712	19793	16243	32815	13440	13208	11637	30641	10899	22543	22290	36571	19856	6327	4495	36620	22940	17867	21637	28447	18244	16204	14551	23163	4489	6190	4620	12369	4587	4669	4652	4779	4574	52303	55978	15015	73781	19855	73630	91422	6295	82809	4629	13481	4694	6161	4598	96343	86084	6833	90719	77034	86919	71515	85323	4789	4459	4904	4530	73666	4640	55274	76563	88930	73455	4700	4536	72591	4661	44723	73394	31860	79864	4637	79561	76630	63697	63741	33552	56846	46541	8401	44627	52285	32741	37366	33946	36860	4085	39648	31502	36907	4249	4613	64538	70585	53575	4245	4668	80673	43890	4661	4495	52464	58584	56881	10226	45882	22481	6545	4691	5058	30043	5243	4838	8855	13301	5076	4967	4758	84056	7431	57142	59658	109837	49635	51197	59203	93754	73396	67101	63126	114611	51546	49147	48854	75639	45597	37974	39949	63534	35790	32575	29293	53374	47729	48117	47977	98134	50088	80349	50118	104424	4922	26874	19776	45391	16910	13986	9092	40020	9455	4611	40380	56890	52024	47888	84488	99222	57445	77679	59627	75568	58251	72353	77583	95900	4803	5108	4855	102784	76137	13518	41022	114729	73869	77151	72347	98280	64218	62159	62068	86767	74064	4869	4341	71226	67547	63146	49364	77501	37488	12599	12378	106421	10695	4944	4833	86714	46230	65403	58103	72387	63801	57266	5916	70289	5179	25339	10269	5368	5103	5156	4972	15359	5051	5075	5009	19470	19609	11522	14803	10216	9850	6132	5009	17678	8976	14333	9401	18778	5122	4975	4950	6145	4937	5160	6126	32898	9554	5238	13304	30788	19463	5173	5333	36320	27664	40096	26008	40378	28823	28680	25875	26879	24271	21212	27100	35062	25080	25447	23440	25919	22206	19351	16822	14416	7510	20043	6586	9203	5074	4953	38250	31389	141444	7125	112975	5183	234084	50467	49697	21134	12149	41367	89220	60584	125980	72013	170686	49532	45761	267260	264733	265222	5108	12193	12839	72107	181007	179315	252866	205793	183624	192308	280837	278985	277881	294954	294556	280848	286279	322453	161158	280037	287287	277482	265831	290980	25569	251373	249049	258419	254814	255415	247109	57924	97513	167398	203002	223040	157053	67572	203662	201542	182664	247286	226231	244055	232592	238818	240183	234261	232157	184305	28182	168831	164305	25243	160530	186897	185602	179266	208639	183708	22097	175504	179338	166329	196605	266341	263299	5259	254385	268524	264702	260695	255595	251530	245468	244316	63114	94560	86418	97042	249308	126742	127087	100597	116524	123884	115862	101510	116647	119309	85678	74638	39726	96463	115403	93378	78385	83493	99982	116257	107310	100157	77496	97257	112057	108101	97949	84357	63065	92164	12889	10153	23309	26696	30440	34189	37915	38554	42960	44253	27108	4929	78746	179066	175791	197539	198822	200368	197089	211231	208246	206365	203899	250539	208331	207009	241346	236165	237538	238562	226955	229475	195928	219545	220475	222503	213034	217207	216450	211215	203923	207435	201011	5285	5285	289034	235901	164177	320506	26008	285329	200912	130926	239665	150442	279942	275538	256651	269583	254703	265269	260409	250136	253887	253659	247244	266471	244134	261744	234058	256240	221170	228654	223941	218829	215443	210388	237733	215444	201384	197674	192953	95181	142106	144872	142032	138511	140383	135999	141412	132690	105275	130653	127648	129410	96679	128673	131437	127165	124191	117922	111922	61296	69568	68052	60768	65465	125827	51048	75828	75453	109536	68749	65628	83513	82426	55008	65367	76751	74388	63596	43439	49933	68620	317084	322694	323926	316949	313861	311408	288393	235752	231328	226713	298630	222894	218650	214722	211635	5111	5092	244930	283642	205129	203529	5104	5104	199429	274411	279450	274782	270785	188951	5037	5037	186589	4939	4939	285112	281722	275939	273047	268330	4846	4988	4949	175839	177269	167843	171530	172858	146654	252871	264236	261950	258021	226582	149997	154089	156973	167112	164977	161318	158358	152130	146590	145430	139735	112696	96143	106974	116317	120173	249626	249005	220368	239567	224044	197852	189810	160056	180465	195364	68153	39577	109683	6031	62165	8379	182590	80892	80377	76217	80413	53359	181884	75576	74961	72903	69459	89934	83670	70955	91035	123749	126798	129519	136778	123714	120041	116246	4680	4415	112209	4520	108571	4241	105226	4458	4713	103461	99709	4145	78829	80062	80041	88323	88389	95168	98445	100495	104833	95822	5414	94125	90427	4271	4338	4095	86311	4319	158300	160680	63037	66906	67872	3950	74617	78399	3884	56183	53621	49462	3950	41688	4263	30500	26892	22954	19037	17038	187941	92682	80067	3883	98909	100127	128183	3716	3707	134404	84911	66097	130138	141485	96835	3709	150808	126366	155412	70033	3659	3584	3807	129914	21162	3732	3874	3685	3794	73828	197379	3628	53206	190819	3723	3745	184468	3685	3816	177566	3513	97881	180331	176732	3547	3572	170061	3726	3299	3140	3579	158358	3519	107962	3386	3328	3202	3285	3480	141312	3455	66548	3400	115159	130990	3473	90539	3413	3146	90083	3078	23680	19382	18648	17380	19108	16441	3202	10243	21240	17786	2913	2999	3102	4010	153254	3128	162013	3119	36366	15117	161700	3031	142152	3088	3190	3028	2851	3109	28881	2909	2826	2948	2978	2947	2724	2880	29654	2920	2600	2963	33767	3635	21161	2689	2562	3164	2802	2763	26304	2738	35819	2672	39173	2694	2649	6288	6447	36837	50564	54992	2909	2435	2585	23759	24330	2714	2634	45473	13729	2731	2627	2570	2501	2539	2508	2544	2612	2716	3708	2765	2463	2983	2474	2874	20063	44318	2844	3659	2427	23913	20997	17206	2492	2601	26350	2215	2244	2183	17143	2376	12891	2205	8826	2179	
numbers	 1318453	 2048	5929	2861	2599	2934	3170	3044	2995	7000	130179	2477	48184	97009	2702	47848	96663	7348	127648	8666	3574	5813	5948	4772	48195	40579	76261	3316	2926	3538	4523	20261	17703	7993	97204	3102	3059	3039	3025	3143	2939	3179	138664	3060	74500	3013	3012	2809	2568	2949	115608	3110	3106	2998	2960	2970	2992	3034	82942	3095	3033	43585	22461	53540	3055	79336	104077	81352	79769	2973	77205	75685	73509	55893	98200	30378	36391	71653	58906	20973	59112	45259	135047	66923	49427	3245	42903	14706	16931	45678	125266	73908	33144	93023	32262	2694	88427	86474	121694	83711	91932	81449	79089	76619	89795	89820	107351	106635	75147	84353	8787	37173	41076	3257	67541	51535	3367	55011	29830	54262	56311	54893	133719	39140	12524	48829	99483	27223	52031	59648	74648	3562	3548	3719	3931	3889	3857	3891	63324	3738	3686	3719	3786	3717	108587	42074	127536	57201	62507	56009	61870	59021	88448	87464	125424	62806	59812	62449	62915	59912	31534	94445	80600	50712	58230	53848	83751	93258	98686	97009	75456	31003	4185	82310	84296	53522	75475	59594	94761	59352	58354	62717	65942	63858	3560	51427	83477	57427	50157	56322	4177	60402	44325	45112	134563	42333	41294	40620	4271	4157	4253	4155	124994	41124	50066	43200	51281	51127	16885	15668	111146	47248	12250	54291	49862	42687	46840	47002	114458	12401	4607	45810	54777	54553	4862	23848	32060	45376	43612	40642	39604	34495	30136	39504	54879	27028	26282	30172	22133	27160	19266	29778	127974	29199	22927	3576	19640	13438	36099	32640	100921	29587	15430	4388	4724	4536	4446	9643	5063	46296	4567	13449	4562	4712	16509	17921	20346	8324	4743	4641	4453	4441	5586	4638	4784	119642	119181	15073	4979	32065	4951	30152	4638	102203	114786	110370	106028	102891	101386	96629	81668	102889	97990	67511	64340	61206	67053	65083	84908	78592	71565	55258	50042	37181	34851	33361	30009	51879	30275	36400	27771	4791	4798	4830	5082	4879	5193	4647	5132	4885	4847	34427	24658	138313	5003	24236	23699	5273	24491	23476	25377	128689	24560	4675	4723	6875	4830	4922	5967	94298	21157	19289	19306	17641	15358	6149	4743	41851	4913	4756	9023	8904	7063	4626	4624	45290	4643	41462	4379	52459	24544	4853	46075	181524	55081	38958	45564	38818	36750	33614	43423	141071	27236	38376	52258	54198	86523	123338	121714	180660	69971	95334	88250	144030	118662	77841	56262	183835	157985	27196	34470	31126	27869	24572	21322	162081	96631	76633	92527	85988	66773	104668	87656	175815	94211	84081	89268	60310	89686	54186	70585	180645	144531	156326	154594	150936	148984	102452	145455	166130	142012	138119	146708	61468	65233	93121	62924	98549	84746	80829	73377	65682	48059	55009	41108	58040	35573	30545	27340	26481	20854	8624	9041	20702	20229	8677	73680	80352	71046	74438	127566	175596	4566	109517	70958	109970	107292	108336	103728	165591	92263	91797	88444	82756	84646	86860	85486	151778	87171	77972	76111	77175	68061	62501	59828	183387	46096	101677	149422	4591	5175	4704	51417	90754	46285	22224	28637	22588	63776	50006	53139	110546	51441	58810	51245	20288	14112	54823	47230	86409	47928	39182	36778	4717	89867	24927	33300	80797	30750	29737	93120	95478	14799	4796	4772	4610	61723	4485	4771	4593	89856	121037	124589	128493	101150	5071	4551	5697	28075	25589	22372	7384	75078	4831	5715	4835	4511	4362	4561	4843	95047	132291	135856	139480	63354	58295	56873	62079	185437	58017	56134	49654	50290	45295	52717	37019	180172	39853	30374	25050	24762	41484	8634	40558	73643	33962	30766	35809	30992	38453	39685	42293	85745	43346	48705	50093	47055	47216	48540	48246	84674	20237	5213	4809	4945	357488	4948	5160	195721	214257	218340	303251	855793	815974	257761	5199	234557	852672	21773	605949	819906	733845	731313	837615	271157	771731	806505	728118	724799	721533	717603	758219	210902	543947	540004	533146	532161	523299	522434	519667	519752	516867	513865	714382	710598	707450	703639	702364	757074	726933	723374	722930	763357	263419	218167	436374	240591	265290	772244	211965	518047	519661	692643	569746	530896	68533	537775	547391	577973	84624	563527	88917	463639	5084	4988	12642	465311	526900	415781	147823	708439	584207	160697	516467	228790	215320	525127	415256	170173	413850	12724	52835	411994	413191	497782	492013	241594	497240	412533	415027	513107	513217	12920	603446	5667	530002	500003	548943	544853	550300	538550	544629	540522	536828	411605	496479	408809	409058	484382	479484	299612	406332	407779	812228	800494	407870	406671	301029	183517	359265	760732	498025	803965	265327	803082	793311	204935	798689	795032	794151	788363	606577	603997	568858	504960	816116	304913	489916	274552	112322	455607	471918	243867	121334	267435	164073	256682	185585	174416	752971	258576	225633	699116	696207	693312	689518	686544	682507	779980	678485	674755	673941	670702	667752	317193	771774	263736	459440	281546	270652	790557	764198	701953	471173	131607	24398	23154	22251	694111	664714	662435	661191	659632	657584	654200	650606	647587	645420	642491	640544	637181	717426	633553	668982	667917	667579	662285	658362	655633	693060	648696	185180	403883	404174	401491	470415	463223	365659	564631	600255	606291	467841	311607	358371	236350	305545	296151	282593	171624	208265	217569	189568	5394	5232	5288	5395	5069	5387	5449	5465	6559	223924	5649	5300	6093	5421	5277	5290	5721	5411	232027	260398	255219	249131	243802	238557	233101	337616	227168	221016	211889	207069	201709	185217	438030	531711	432303	427105	426134	422504	414928	410621	253470	333413	564915	446832	441774	437227	564755	428254	448790	562205	481156	14288	19353	453296	435508	540979	538243	533632	430526	427864	425134	8855	422369	575780	43681	419663	36257	471805	467219	480596	185005	182618	175571	199008	483516	470279	166323	182855	488445	476085	151235	148858	160469	477710	466208	498620	10799	516962	514236	613175	483306	491005	513048	511233	508460	510866	563116	680787	515632	507787	509005	506109	503129	500546	497662	587906	494724	492404	491257	5288	5454	5259	5701	525860	520725	517276	516342	532707	5257	540201	539317	616845	476692	477313	479957	482610	485260	487038	488531	691670	40853	5405	5438	5480	5313	5443	5547	11721	5373	733927	653004	649578	646086	644411	692253	20471	640645	636035	632777	628879	626237	622238	619236	649913	616620	613763	610449	606081	228314	256466	5212	603072	5325	371996	594223	264196	270792	270779	590550	587316	583722	579822	576440	269669	269630	274099	277534	571826	568171	572728	569559	565763	5231	5288	563084	559123	557182	5137	5248	5656	4947	603633	547212	546700	542781	539027	536333	5258	4704	9236	5745	532228	528202	524193	521556	517554	513572	5390	4956	5640	5670	141663	136454	446698	159103	137044	275634	666157	10834	468888	5377	5559	5586	480000	481152	486719	689623	508009	446999	453575	455926	478008	492085	497299	628110	501488	479586	454458	528366	276495	532270	463043	446134	465326	401378	479418	460361	400505	399816	32856	469436	465469	516306	527130	473859	535158	448845	396721	271237	458841	461124	451427	466329	495210	550644	489461	513221	534012	554643	543080	553235	525312	396984	393208	264982	393845	392695	390383	628908	443744	548058	521911	411223	408603	408808	437059	492151	650078	450727	452690	375335	458959	461791	646978	433421	655558	5537	623377	250016	193285	109933	169329	645460	440362	438494	429702	243933	627721	180606	629996	620027	592218	442835	660030	236879	614882	147496	427497	628992	416640	610459	425013	237619	183398	190797	607889	617528	604444	156930	381950	164179	166147	254582	298182	237608	490194	124942	248384	421596	483106	240039	451905	294596	402557	392705	419541	240123	90724	203287	466861	398859	220851	424615	206188	455231	450286	191597	219916	211027	192066	147597	151463	197523	174153	162386	268876	76703	169237	159789	247074	172339	159555	168646	129290	5518	484725	144954	408396	413617	603023	648453	380546	379477	378745	376372	412548	195965	403643	373486	372685	401994	369423	367737	391876	224837	397371	36472	69356	58475	5821	5832	7133	5347	5345	9175	5261	5575	154679	57138	481439	494490	164577	166403	178327	172939	5781	177380	166810	36780	75881	4748	287547	290985	293677	303408	422129	544048	470073	464772	89495	459650	471838	465599	518163	298085	308097	448206	304736	295829	292448	442909	437781	504442	535083	485703	223640	488219	37300	162305	61824	204700	52176	68280	71657	73568	73961	74316	75249	210892	5212	325140	68039	317681	315226	318254	78067	214804	323614	328905	4993	314227	76169	79536	56116	318163	315134	318833	322562	709348	257195	165073	169096	148955	205419	604515	652256	247264	653367	294125	287004	648502	656474	163572	153728	125712	64201	58780	37160	46596	55088	63530	60194	64683	62907	36384	36556	56381	51332	43047	37893	127000	287816	343036	383252	405091	399595	244172	465696	428950	434810	435169	152943	360426	359021	356090	354390	371257	339315	227981	493076	33985	529072	30625	27863	25341	5199	5574	5362	5438	5346	5091	5327	16008	5160	5591	164847	166304	209432	172146	163496	173524	94287	176485	219716	216067	212592	208510	204698	200829	200282	197231	191326	187549	183320	179541	174482	170101	165627	162214	179032	175552	173016	169767	94440	94975	140970	142197	132200	143571	182590	138169	139437	141585	113030	77572	95906	127468	167979	121632	123125	121791	167925	164451	163832	161436	157290	94551	177275	117574	60569	122392	105931	82946	148430	107641	99367	61423	85923	412411	178683	581631	421964	425579	428291	431710	436474	439543	443478	4948	452175	455838	459490	91228	462960	507952	467718	470293	474336	478028	485420	481321	485253	489277	493055	494398	498489	502405	506305	509433	298271	613860	314527	259766	685191	141826	606086	155537	234516	635788	179590	186427	205192	187460	180921	235881	210806	242187	103843	192707	4850	4773	5347	4877	4875	19624	7928	19039	5105	8890	14253	14641	13662	4953	12103	16029	10817	7401	7341	4788	7776	6105	4752	61778	55698	55877	5409	51427	676239	56120	141342	5019	491442	4762	4784	484302	481789	478619	475406	472182	451815	468740	465255	461858	4644	458221	97731	328499	74349	374183	338979	343806	400398	400561	124149	220645	237560	237158	233239	229774	223609	213963	229390	208351	231559	242459	230970	232854	196623	216314	212176	200497	4624	4724	4535	4354	4561	6110	58412	43006	51897	281655	230259	226527	217167	242585	191015	143430	160092	198840	159592	160276	156289	151680	138288	174389	135954	140363	169253	165912	145104	132195	162782	4396	145946	4630	4558	152593	103914	4445	313094	149079	256911	207680	618966	104129	614134	535948	608825	380807	384775	389099	391119	426235	393529	397391	400863	402728	404614	406480	409293	413034	450645	416983	427901	449576	409968	420439	416911	410352	410951	441575	402589	442415	441924	368379	364587	360933	357402	353580	349774	4342	4826	5341	4339	4882	28724	22973	22968	47328	20169	22051	426622	422477	418236	405452	485349	472951	427331	430439	494618	408496	403862	399818	395583	456409	387844	426531	191333	194497	190093	450858	464023	404861	197303	85228	9487	55034	47998	156193	183397	4017	182122	342064	338161	335589	326729	375243	356700	330569	327333	323480	4711	315495	312404	308446	5469	301602	363283	4285	295215	292739	312760	189008	293947	307584	286765	283515	279593	276168	4264	3868	7671	183067	4087	4133	4769	4148	4025	3981	6351	3970	3920	4317	190173	3759	266979	263875	6165	255296	3797	248368	5681	256977	3874	3941	236051	3913	3897	4666	6033	4429	254630	222675	3699	219696	3806	6378	4434	10392	211557	3873	16740	41733	4130	38864	4658	32069	32914	3787	3925	28290	3740	21591	4022	3542	4193	3876	4466	16623	3785	3956	8687	11254	12469	9307	3923	55039	3753	92115	88593	35376	91051	88059	91566	96413	81783	100716	104722	82334	3552	112109	85781	111629	41060	79221	98594	74489	71851	122043	3630	129497	104501	126095	62060	133999	96475	124717	3661	4234	4221	3872	4379	4113	4147	40008	21094	3402	3314	10927	16818	6571	9362	7456	3502	3669	3512	13763	13349	3517	3464	3717	3722	3951	5219	3573	27699	301718	30796	246165	210105	315826	30067	33664	33241	34358	212711	213818	3465	219062	8627	32395	34674	45652	19548	40520	61951	3229	357599	219341	373233	353604	3187	222910	3401	227746	229247	233583	3346	26434	46486	61112	47315	61114	51824	19136	57532	48255	57460	54100	54674	55335	55960	40566	235065	218711	3146	223663	226702	28378	38043	26509	90359	420865	228991	231647	232766	234436	237104	37061	35227	36022	34334	35245	2970	2934	4157	236604	236501	2582	354455	327126	94340	155748	3048	3057	3120	3107	4303	3471	3071	3363	3051	5757	3199	3158	3056	2949	29215	3338	22581	3202	3572	3245	23222	5721	4479	2937	3072	20977	2839	2962	2867	2862	3044	3044	3082	3066	3037	3037	3146	2674	2950	7322	8999	10048	2721	2601	3001	3001	3063	2679	2660	6235	5048	2722	2718	3430	5338	15320	2920	2731	23629	2717	3967	29081	2663	2970	17867	2974	3190	15291	3077	8500	10646	2412	2942	39016	6978	10459	56323	55525	2964	57980	47835	5809	8416	2946	45405	44835	2560	2632	2370	2391	2331	2563	2346	2749	2599	3891	2609	2618	2325	2987	2566	2539	2522	2798	2750	2748	10863	2593	8312	28721	31704	35191	6283	26570	2565	25669	28466	9873	2433	2530	2343	36139	2811	2305	2324	10485	2049	2306	40051	2671	2719	2418	9429	2362	33972	2236	2185	29287	2248	1815	2110	24099	2307	2392	11139	5192	14218	2237	2048	7444	2011	8026	35122	2277	31382	

Eksperyment przeprowadzony na procesorze Intel® Core™ i7-1165G7 (https://ark.intel.com/content/www/us/en/ark/products/208921/intel-core-i71165g7-processor-12m-cache-up-to-4-70-ghz-with-ipu.html) - 4 rdzenie; 8 wątków
1. W modelu blokowym w modelu blokowym przydziału wątków widzimy spadek czasu wykonania od 1 do 8 wątków oraz dalszy wzrost tego czasu dla rosnącej liczby wątków. Dla 8 wątków widać też możliwie "najbardziej sprawiedliwy" podział czasu pracy dla wątków.
2. W modelu numbers naljepszy czas uzyskujemy dla 6 wątków, później 4 i 2, od 9 wątków widzimy stały przyrost czasu. Dla 6 wątków widać też możliwie "najbardziej sprawiedliwy" podział czasu pracy dla wątków.
3. Model numbers działa szybciej od modelu blokowego
Są to (prawie) spodziewane wyniki ponieważ:
1. Najlepszy czas uzyskaliśmy dla 8 wątków ponieważ procesor na którym pracujemy ma do dyspozycji 8 wątków. Spodziewałem się, że najlepszy wynik otrzymam dla ilości wątków równej ilości wątków procesora minus 1 (lub ewentualnie -2).
2. Tutaj wynik jest bardziej spodziewany (patrz pt 1.).
3. Nie trudno było się domyślić, że tak się stanie - w modelu numbers przydział wątków jest (można powiedzieć) "liniowy" (for … if … przydziel wątek) a w modelu blokowym "kwadratowy z założeniami" (if … for … for … if … przydziel wątek) zatem model blokowy okazał się zdecydowanie mniej wydajny od numbers.
1,2. Całkowity czas pracy rośnie wraz z ilością wątków ponieważ musimy doliczyć czas na tworzenie i nie wydajną obsługę wątków z których i tak procesor (przez swoje fizyczne ograniczenia czyli 8 wątków) nie może korzystać cały czas 
